Pred 		 label 	 target
0.18021169304847717		0		0.0
0.16494813561439514		0		0.0
0.15887421369552612		0		0.0
0.15886294841766357		0		0.0
0.15982046723365784		0		0.0
0.16078133881092072		0		0.0
0.15952740609645844		0		0.0
0.1652737259864807		0		0.0
0.168426513671875		0		0.0
0.1717980057001114		0		0.0
0.1698368638753891		0		0.0
0.1720212996006012		0		0.0
0.17196081578731537		0		0.0
0.17057190835475922		0		0.0
0.1762363761663437		0		0.0
0.17749835550785065		0		0.0
0.18103767931461334		0		0.0
0.17583294212818146		0		0.0
0.17359565198421478		0		0.0
0.1707676500082016		0		0.0
0.1678408533334732		0		0.0
0.1653261035680771		0		0.0
0.16763077676296234		0		0.0
0.1712772250175476		0		0.0
0.17778846621513367		0		0.0
0.17147211730480194		0		0.0
0.16371330618858337		0		0.0
0.16422727704048157		0		0.0
0.1605408787727356		0		0.0
0.15594343841075897		0		0.0
0.15299353003501892		0		0.0
0.15534566342830658		0		0.0
0.15345633029937744		0		0.0
0.15121659636497498		0		0.0
0.14886797964572906		0		0.0
0.14853912591934204		0		0.0
0.14860884845256805		0		0.0
0.1483364701271057		0		0.0
0.14874958992004395		0		0.0
0.15429960191249847		0		0.0
0.15014666318893433		0		0.0
0.14761802554130554		0		0.0
0.14650197327136993		0		0.0
0.1491001397371292		0		0.0
0.150741308927536		0		0.0
0.14774852991104126		0		0.0
0.14766889810562134		0		0.0
0.14481936395168304		0		0.0
0.14097373187541962		0		0.0
0.13984771072864532		0		0.0
0.1417158842086792		0		0.0
0.1378818154335022		0		0.0
0.13677185773849487		0		0.0
0.1384696662425995		0		0.0
0.14107593894004822		0		0.0
0.14300759136676788		0		0.0
0.1391890048980713		0		0.0
0.14185774326324463		0		0.0
0.142424076795578		0		0.0
0.14014698565006256		0		0.0
0.14328961074352264		0		0.0
0.14220550656318665		0		0.0
0.15016067028045654		0		0.0
0.1479586958885193		0		0.0
0.1499887853860855		0		0.0
0.1443992406129837		0		0.0
0.1398175060749054		0		0.0
0.1385323405265808		0		0.0
0.14230245351791382		0		0.0
0.14322470128536224		0		0.0
0.14311183989048004		0		0.0
0.14451277256011963		0		0.0
0.14285938441753387		0		0.0
0.1435225009918213		0		0.0
0.1467636376619339		0		0.0
0.1380792111158371		0		0.0
0.13625459372997284		0		0.0
0.13100726902484894		0		0.0
0.1313759982585907		0		0.0
0.13399598002433777		0		0.0
0.13282500207424164		0		0.0
0.13236983120441437		0		0.0
0.13056714832782745		0		0.0
0.13542455434799194		0		0.0
0.1361023634672165		0		0.0
0.133386492729187		0		0.0
0.1328716278076172		0		0.0
0.1340382695198059		0		0.0
0.13527275621891022		0		0.0
0.1326219141483307		0		0.0
0.13326723873615265		0		0.0
0.12933000922203064		0		0.0
0.12966610491275787		0		0.0
0.13333182036876678		0		0.0
0.12753689289093018		0		0.0
0.12473984807729721		0		0.0
0.12545008957386017		0		0.0
0.12453088909387589		0		0.0
0.12094910442829132		0		0.0
0.12323039025068283		0		0.0
0.12113474309444427		0		0.0
0.12004230171442032		0		0.0
0.12496960908174515		0		0.0
0.122322216629982		0		0.0
0.12007639557123184		0		0.0
0.11859440058469772		0		0.0
0.12069877237081528		0		0.0
0.12894001603126526		0		0.0
0.14041492342948914		0		0.0
0.14181475341320038		0		0.0
0.14043839275836945		0		0.0
0.1343199908733368		0		0.0
0.1330527365207672		0		0.0
0.1323135942220688		0		0.0
0.12661275267601013		0		0.0
0.1317652314901352		0		0.0
0.1340961903333664		0		0.0
0.1362796276807785		0		0.0
0.13366946578025818		0		0.0
0.12816523015499115		0		0.0
0.1344139724969864		0		0.0
0.136748805642128		0		0.0
0.13446441292762756		0		0.0
0.1301332712173462		0		0.0
0.12806721031665802		0		0.0
0.12508928775787354		0		0.0
0.13060764968395233		0		0.0
0.1263718456029892		0		0.0
0.12491809576749802		0		0.0
0.12632587552070618		0		0.0
0.12239556014537811		0		0.0
0.12261075526475906		0		0.0
0.1208319291472435		0		0.0
0.12534315884113312		0		0.0
0.1250736564397812		0		0.0
0.12620794773101807		0		0.0
0.12807895243167877		0		0.0
0.1274489164352417		0		0.0
0.12715017795562744		0		0.0
0.12381741404533386		0		0.0
0.12511298060417175		0		0.0
0.1275584101676941		0		0.0
0.12709291279315948		0		0.0
0.12843236327171326		0		0.0
0.13383354246616364		0		0.0
0.12541921436786652		0		0.0
0.123023122549057		0		0.0
0.12325245141983032		0		0.0
0.12125162035226822		0		0.0
0.11936239898204803		0		0.0
0.120225690305233		0		0.0
0.12675841152668		0		0.0
0.12137299031019211		0		0.0
0.11754744499921799		0		0.0
0.13015002012252808		0		0.0
0.129444882273674		0		0.0
0.12640461325645447		0		0.0
0.12454352527856827		0		0.0
0.12178638577461243		0		0.0
0.1248849481344223		0		0.0
0.12705644965171814		0		0.0
0.12569431960582733		0		0.0
0.1215963065624237		0		0.0
0.13053858280181885		0		0.0
0.12354230880737305		0		0.0
0.12422467023134232		0		0.0
0.12542247772216797		0		0.0
0.12373492121696472		0		0.0
0.12450677156448364		0		0.0
0.12761232256889343		0		0.0
0.12778624892234802		0		0.0
0.12696631252765656		0		0.0
0.12884539365768433		0		0.0
0.12563931941986084		0		0.0
0.12460821121931076		0		0.0
0.1229039877653122		0		0.0
0.12328324466943741		0		0.0
0.12532289326190948		0		0.0
0.12266931682825089		0		0.0
0.12013962119817734		0		0.0
0.12801861763000488		0		0.0
0.1342008411884308		0		0.0
0.13654042780399323		0		0.0
0.132665753364563		0		0.0
0.12492597103118896		0		0.0
0.12942126393318176		0		0.0
0.12764872610569		0		0.0
0.1259111911058426		0		0.0
0.12504658102989197		0		0.0
0.12644977867603302		0		0.0
0.12764650583267212		0		0.0
0.12465720623731613		0		0.0
0.12056834250688553		0		0.0
0.11890754848718643		0		0.0
0.12053636461496353		0		0.0
0.12248434871435165		0		0.0
0.11707127094268799		0		0.0
0.11867685616016388		0		0.0
0.12027489393949509		0		0.0
0.11881566047668457		0		0.0
0.11841874569654465		0		0.0
0.11860398948192596		0		0.0
0.11704764515161514		0		0.0
0.11606830358505249		0		0.0
0.12311214953660965		0		0.0
0.13117583096027374		0		0.0
0.13208699226379395		0		0.0
0.1300077885389328		0		0.0
0.12879560887813568		0		0.0
0.1269618570804596		0		0.0
0.12737725675106049		0		0.0
0.12436533719301224		0		0.0
0.12343103438615799		0		0.0
0.12813709676265717		0		0.0
0.13018576800823212		0		0.0
0.1259879171848297		0		0.0
0.12575498223304749		0		0.0
0.12325641512870789		0		0.0
0.12217094749212265		0		0.0
0.11798393726348877		0		0.0
0.118961863219738		0		0.0
0.12118201702833176		0		0.0
0.12143534421920776		0		0.0
0.12379848212003708		0		0.0
0.12172190099954605		0		0.0
0.12328425794839859		0		0.0
0.12058214098215103		0		0.0
0.11932463943958282		0		0.0
0.1258794516324997		0		0.0
0.1350051462650299		0		0.0
0.13724887371063232		0		0.0
0.13520683348178864		0		0.0
0.13383200764656067		0		0.0
0.12513239681720734		0		0.0
0.12027020007371902		0		0.0
0.12475021928548813		0		0.0
0.12531696259975433		0		0.0
0.12685465812683105		0		0.0
0.12535350024700165		0		0.0
0.12384256720542908		0		0.0
0.12214323878288269		0		0.0
0.1208450049161911		0		0.0
0.12011025846004486		0		0.0
0.1252753734588623		0		0.0
0.11922162026166916		0		0.0
0.11730910837650299		0		0.0
0.11589308083057404		0		0.0
0.1149834468960762		0		0.0
0.11721722036600113		0		0.0
0.11936350166797638		0		0.0
0.11993103474378586		0		0.0
0.12282995879650116		0		0.0
0.1264987289905548		0		0.0
0.12844318151474		0		0.0
0.13129539787769318		0		0.0
0.1242067962884903		0		0.0
0.12215814739465714		0		0.0
0.12285324186086655		0		0.0
0.12752118706703186		0		0.0
0.1268424689769745		0		0.0
0.12869492173194885		0		0.0
0.12688200175762177		0		0.0
0.12595032155513763		0		0.0
0.12673574686050415		0		0.0
0.1294260323047638		0		0.0
0.12568050622940063		0		0.0
0.12399378418922424		0		0.0
0.12419882416725159		0		0.0
0.12264484167098999		0		0.0
0.12064283341169357		0		0.0
0.11985263973474503		0		0.0
0.1355210244655609		0		0.0
0.13587047159671783		0		0.0
0.1283906102180481		0		0.0
0.12573328614234924		0		0.0
0.13038940727710724		0		0.0
0.12505611777305603		0		0.0
0.12403034418821335		0		0.0
0.12446242570877075		0		0.0
0.12310110777616501		0		0.0
0.12312109768390656		0		0.0
0.1250443011522293		0		0.0
0.1302022784948349		0		0.0
0.1302468478679657		0		0.0
0.1324131190776825		0		0.0
0.12799035012722015		0		0.0
0.1270163357257843		0		0.0
0.12729164958000183		0		0.0
0.12442127615213394		0		0.0
0.1214018166065216		0		0.0
0.11940774321556091		0		0.0
0.1172495111823082		0		0.0
0.12015441060066223		0		0.0
0.11971291899681091		0		0.0
0.12328631430864334		0		0.0
0.12224030494689941		0		0.0
0.1194261834025383		0		0.0
0.11994341015815735		0		0.0
0.1204812079668045		0		0.0
0.12695489823818207		0		0.0
0.12548013031482697		0		0.0
0.12316738069057465		0		0.0
0.13206689059734344		0		0.0
0.12917129695415497		0		0.0
0.12592533230781555		0		0.0
0.12834085524082184		0		0.0
0.12960945069789886		0		0.0
0.1341736614704132		0		0.0
0.1280878782272339		0		0.0
0.12620919942855835		0		0.0
0.1290007084608078		0		0.0
0.13239791989326477		0		0.0
0.1389501839876175		0		0.0
0.13240231573581696		0		0.0
0.12756113708019257		0		0.0
0.12871314585208893		0		0.0
0.1264645904302597		0		0.0
0.12602068483829498		0		0.0
0.14443092048168182		0		0.0
0.13435158133506775		0		0.0
0.1284756064414978		0		0.0
0.12652142345905304		0		0.0
0.1229567900300026		0		0.0
0.12409662455320358		0		0.0
0.12766829133033752		0		0.0
0.131135955452919		0		0.0
0.1264389157295227		0		0.0
0.12400703877210617		0		0.0
0.12499070167541504		0		0.0
0.13250677287578583		0		0.0
0.12785281240940094		0		0.0
0.12463711202144623		0		0.0
0.12271274626255035		0		0.0
0.12604902684688568		0		0.0
0.12304364889860153		0		0.0
0.12564601004123688		0		0.0
0.12319106608629227		0		0.0
0.12532609701156616		0		0.0
0.12288858741521835		0		0.0
0.11961713433265686		0		0.0
0.1169852763414383		0		0.0
0.12198511511087418		0		0.0
0.1191120371222496		0		0.0
0.11818357557058334		0		0.0
0.11944855004549026		0		0.0
0.12177527695894241		0		0.0
0.12401469796895981		0		0.0
0.11970895528793335		0		0.0
0.12258843332529068		0		0.0
0.1259153038263321		0		0.0
0.1221594288945198		0		0.0
0.12370458990335464		0		0.0
0.12249501049518585		0		0.0
0.12537403404712677		0		0.0
0.12396848201751709		0		0.0
0.12795434892177582		0		0.0
0.13147270679473877		0		0.0
0.12720780074596405		0		0.0
0.1320326030254364		0		0.0
0.12917560338974		0		0.0
0.12645389139652252		0		0.0
0.12297172844409943		0		0.0
0.1279427409172058		0		0.0
0.1293039619922638		0		0.0
0.12677863240242004		0		0.0
0.12427272647619247		0		0.0
0.12659905850887299		0		0.0
0.1287739872932434		0		0.0
0.12885482609272003		0		0.0
0.1262955218553543		0		0.0
0.1251605898141861		0		0.0
0.13318714499473572		0		0.0
0.1298377811908722		0		0.0
0.12700356543064117		0		0.0
0.12872397899627686		0		0.0
0.12928280234336853		0		0.0
0.1392967253923416		0		0.0
0.13383570313453674		0		0.0
0.12997233867645264		0		0.0
0.12534292042255402		0		0.0
0.13153311610221863		0		0.0
0.12644235789775848		0		0.0
0.1331823617219925		0		0.0
0.13191886246204376		0		0.0
0.1405916064977646		0		0.0
0.1338893622159958		0		0.0
0.1286945939064026		0		0.0
0.12378259748220444		0		0.0
0.1226053386926651		0		0.0
0.12170591205358505		0		0.0
0.12337317317724228		0		0.0
0.1268652379512787		0		0.0
0.12351951003074646		0		0.0
0.1273367553949356		0		0.0
0.12779279053211212		0		0.0
0.12748682498931885		0		0.0
0.1319105178117752		0		0.0
0.13302254676818848		0		0.0
0.13082382082939148		0		0.0
0.1284797489643097		0		0.0
0.12884637713432312		0		0.0
0.12423531711101532		0		0.0
0.12949833273887634		0		0.0
0.1414473056793213		0		0.0
0.13936175405979156		0		0.0
0.13552123308181763		0		0.0
0.1429138332605362		0		0.0
0.14069561660289764		0		0.0
0.1292957365512848		0		0.0
0.1309238225221634		0		0.0
0.1347535401582718		0		0.0
0.13063792884349823		0		0.0
0.13249339163303375		0		0.0
0.1283203512430191		0		0.0
0.12803034484386444		0		0.0
0.13351556658744812		0		0.0
0.13094060122966766		0		0.0
0.1283482313156128		0		0.0
0.12836706638336182		0		0.0
0.12633593380451202		0		0.0
0.12468817085027695		0		0.0
0.13076408207416534		0		0.0
0.13838590681552887		0		0.0
0.1386016607284546		0		0.0
0.13687445223331451		0		0.0
0.13637268543243408		0		0.0
0.13090458512306213		0		0.0
0.1325957030057907		0		0.0
0.13468347489833832		0		0.0
0.13415291905403137		0		0.0
0.13092659413814545		0		0.0
0.12604261934757233		0		0.0
0.1251465082168579		0		0.0
0.12289213389158249		0		0.0
0.1188960075378418		0		0.0
0.11757436394691467		0		0.0
0.11754423379898071		0		0.0
0.11740031838417053		0		0.0
0.12055289000272751		0		0.0
0.124155692756176		0		0.0
0.12372659891843796		0		0.0
0.12750929594039917		0		0.0
0.13101379573345184		0		0.0
0.1382332742214203		0		0.0
0.135911762714386		0		0.0
0.13132962584495544		0		0.0
0.12888292968273163		0		0.0
0.12969374656677246		0		0.0
0.13037000596523285		0		0.0
0.12695325911045074		0		0.0
0.12910282611846924		0		0.0
0.13269619643688202		0		0.0
0.13741393387317657		0		0.0
0.13335326313972473		0		0.0
0.13153207302093506		0		0.0
0.13041137158870697		0		0.0
0.12669044733047485		0		0.0
0.12774384021759033		0		0.0
0.12911900877952576		0		0.0
0.12917348742485046		0		0.0
0.12526899576187134		0		0.0
0.12661823630332947		0		0.0
0.1325766146183014		0		0.0
0.1339663565158844		0		0.0
0.14205387234687805		0		0.0
0.13360381126403809		0		0.0
0.12930405139923096		0		0.0
0.1251458376646042		0		0.0
0.1285245418548584		0		0.0
0.13377875089645386		0		0.0
0.13786090910434723		0		0.0
0.13142062723636627		0		0.0
0.13368545472621918		0		0.0
0.12993864715099335		0		0.0
0.13463273644447327		0		0.0
0.13022616505622864		0		0.0
0.13276569545269012		0		0.0
0.13257728517055511		0		0.0
0.13549290597438812		0		0.0
0.12913429737091064		0		0.0
0.12656064331531525		0		0.0
0.12341547012329102		0		0.0
0.12375086545944214		0		0.0
0.12174621224403381		0		0.0
0.12160442769527435		0		0.0
0.12213169783353806		0		0.0
0.12277212738990784		0		0.0
0.12222445011138916		0		0.0
0.1231255829334259		0		0.0
0.12337992340326309		0		0.0
0.12793217599391937		0		0.0
0.13030250370502472		0		0.0
0.13024373352527618		0		0.0
0.1300172358751297		0		0.0
0.1308600902557373		0		0.0
0.131734237074852		0		0.0
0.1288945972919464		0		0.0
0.13376808166503906		0		0.0
0.13643495738506317		0		0.0
0.13448134064674377		0		0.0
0.13395719230175018		0		0.0
0.13458839058876038		0		0.0
0.13395249843597412		0		0.0
0.13130700588226318		0		0.0
0.1289646476507187		0		0.0
0.1282760351896286		0		0.0
0.13222229480743408		0		0.0
0.13219194114208221		0		0.0
0.1335805207490921		0		0.0
0.13013148307800293		0		0.0
0.13268998265266418		0		0.0
0.1284356713294983		0		0.0
0.12884829938411713		0		0.0
0.12792348861694336		0		0.0
0.12971819937229156		0		0.0
0.12970955669879913		0		0.0
0.1277662068605423		0		0.0
0.1256842017173767		0		0.0
0.12866812944412231		0		0.0
0.13452930748462677		0		0.0
0.13755875825881958		0		0.0
0.1377246081829071		0		0.0
0.12978798151016235		0		0.0
0.12603147327899933		0		0.0
0.12981414794921875		0		0.0
0.1366514265537262		0		0.0
0.14473854005336761		0		0.0
0.15660607814788818		0		0.0
0.1461540013551712		0		0.0
0.13667505979537964		0		0.0
0.13249509036540985		0		0.0
0.12946121394634247		0		0.0
0.12627556920051575		0		0.0
0.12618538737297058		0		0.0
0.12483775615692139		0		0.0
0.13186080753803253		0		0.0
0.1302993893623352		0		0.0
0.13383254408836365		0		0.0
0.1360694319009781		0		0.0
0.12848813831806183		0		0.0
0.12622620165348053		0		0.0
0.12863032519817352		0		0.0
0.13136640191078186		0		0.0
0.14345604181289673		0		0.0
0.13653810322284698		0		0.0
0.14282037317752838		0		0.0
0.1384214162826538		0		0.0
0.13453057408332825		0		0.0
0.13823331892490387		0		0.0
0.14085766673088074		0		0.0
0.13698549568653107		0		0.0
0.13544964790344238		0		0.0
0.1320393830537796		0		0.0
0.1335211992263794		0		0.0
0.1289488673210144		0		0.0
0.127506822347641		0		0.0
0.13186557590961456		0		0.0
0.13238415122032166		0		0.0
0.1337687373161316		0		0.0
0.12889382243156433		0		1.0
0.12660448253154755		0		1.0
0.12422093749046326		0		1.0
0.12221814692020416		0		1.0
0.12344219535589218		0		1.0
0.12363769859075546		0		1.0
0.12423954159021378		0		1.0
0.1237611174583435		0		1.0
0.12207140028476715		0		1.0
0.12172837555408478		0		1.0
0.12331575900316238		0		1.0
0.12372563779354095		0		1.0
0.12649402022361755		0		1.0
0.12647581100463867		0		1.0
0.1264534443616867		0		1.0
0.12562909722328186		0		1.0
0.13116128742694855		0		1.0
0.12876664102077484		0		1.0
0.1258210837841034		0		1.0
0.12151474505662918		0		1.0
0.1252138316631317		0		1.0
0.1203370913863182		0		1.0
0.12040139734745026		0		1.0
0.11951977014541626		0		1.0
0.11899051070213318		0		1.0
0.11805032938718796		0		1.0
0.11776293069124222		0		1.0
0.1189783439040184		0		1.0
0.12168672680854797		0		1.0
0.12079255282878876		0		1.0
0.12110859155654907		0		1.0
0.12085963040590286		0		1.0
0.12158995866775513		0		1.0
0.12174768000841141		0		1.0
0.1222783774137497		0		1.0
0.12407729774713516		0		1.0
0.12481974810361862		0		1.0
0.12579308450222015		0		1.0
0.13147395849227905		0		1.0
0.13030853867530823		0		1.0
0.13214081525802612		0		1.0
0.126686230301857		0		1.0
0.12799881398677826		0		1.0
0.12621334195137024		0		1.0
0.1266978234052658		0		1.0
0.12852069735527039		0		1.0
0.1252811700105667		0		1.0
0.12489721924066544		0		1.0
0.1249300017952919		0		1.0
0.1271427571773529		0		1.0
0.12353381514549255		0		1.0
0.1255919486284256		0		1.0
0.12675052881240845		0		1.0
0.12582480907440186		0		1.0
0.1253226399421692		0		1.0
0.12340383976697922		0		1.0
0.13030298054218292		0		1.0
0.12600737810134888		0		1.0
0.12574830651283264		0		1.0
0.1272350251674652		0		1.0
0.1251029074192047		0		1.0
0.12816870212554932		0		1.0
0.12500542402267456		0		1.0
0.12185917049646378		0		1.0
0.12152738869190216		0		1.0
0.12072630226612091		0		1.0
0.1193632036447525		0		1.0
0.11856850981712341		0		1.0
0.11852701008319855		0		1.0
0.11832285672426224		0		1.0
0.11805494129657745		0		1.0
0.11827350407838821		0		1.0
0.11788149923086166		0		1.0
0.11855462938547134		0		1.0
0.11873205751180649		0		1.0
0.11806844174861908		0		1.0
0.119305320084095		0		1.0
0.11866917461156845		0		1.0
0.11944542080163956		0		1.0
0.11993954330682755		0		1.0
0.1262696236371994		0		1.0
0.12709052860736847		0		1.0
0.12745404243469238		0		1.0
0.1334906816482544		0		1.0
0.13176463544368744		0		1.0
0.12793689966201782		0		1.0
0.13117074966430664		0		1.0
0.13418371975421906		0		1.0
0.13833701610565186		0		1.0
0.1304243952035904		0		1.0
0.12974494695663452		0		1.0
0.12853507697582245		0		1.0
0.13052131235599518		0		1.0
0.12845806777477264		0		1.0
0.12478484213352203		0		1.0
0.1256658434867859		0		1.0
0.12563660740852356		0		1.0
0.1229935958981514		0		1.0
0.1215663030743599		0		1.0
0.12491703778505325		0		1.0
0.12764619290828705		0		1.0
0.1253979504108429		0		1.0
0.12829630076885223		0		1.0
0.12574920058250427		0		1.0
0.125095397233963		0		1.0
0.12709827721118927		0		1.0
0.1288113296031952		0		1.0
0.1291877180337906		0		1.0
0.1338193565607071		0		1.0
0.12949100136756897		0		1.0
0.12641510367393494		0		1.0
0.12536466121673584		0		1.0
0.12496140599250793		0		1.0
0.12265010923147202		0		1.0
0.12331072986125946		0		1.0
0.12168870866298676		0		1.0
0.12045232206583023		0		1.0
0.11922185122966766		0		1.0
0.11887786537408829		0		1.0
0.11830894649028778		0		1.0
0.11864159256219864		0		1.0
0.11928141862154007		0		1.0
0.11933188885450363		0		1.0
0.11973238736391068		0		1.0
0.12794281542301178		0		1.0
0.12938138842582703		0		1.0
0.12741787731647491		0		1.0
0.12923921644687653		0		1.0
0.12672032415866852		0		1.0
0.12690603733062744		0		1.0
0.13005389273166656		0		1.0
0.1325032263994217		0		1.0
0.13388758897781372		0		1.0
0.13570024073123932		0		1.0
0.13331153988838196		0		1.0
0.1338275521993637		0		1.0
0.14144757390022278		0		1.0
0.14038556814193726		0		1.0
0.13530179858207703		0		1.0
0.13052964210510254		0		1.0
0.12869860231876373		0		1.0
0.12820489704608917		0		1.0
0.1279701292514801		0		1.0
0.1281076818704605		0		1.0
0.129566490650177		0		1.0
0.127201646566391		0		1.0
0.12658639252185822		0		1.0
0.1256549060344696		0		1.0
0.12699279189109802		0		1.0
0.12577715516090393		0		1.0
0.12840664386749268		0		1.0
0.12783020734786987		0		1.0
0.13011281192302704		0		1.0
0.13067258894443512		0		1.0
0.1329304277896881		0		1.0
0.13299190998077393		0		1.0
0.13346318900585175		0		1.0
0.129148930311203		0		1.0
0.12897224724292755		0		1.0
0.12764710187911987		0		1.0
0.12800559401512146		0		1.0
0.12584295868873596		0		1.0
0.12303514778614044		0		1.0
0.12414919584989548		0		1.0
0.12229898571968079		0		1.0
0.12252284586429596		0		1.0
0.12275920808315277		0		1.0
0.1206340342760086		0		1.0
0.12153513729572296		0		1.0
0.1211937963962555		0		1.0
0.12249848246574402		0		1.0
0.12306980043649673		0		1.0
0.12377838790416718		0		1.0
0.12770743668079376		0		1.0
0.12510895729064941		0		1.0
0.1311555802822113		0		1.0
0.13295507431030273		0		1.0
0.13882410526275635		0		1.0
0.1313200294971466		0		1.0
0.13198374211788177		0		1.0
0.1326831728219986		0		1.0
0.1309586763381958		0		1.0
0.13152377307415009		0		1.0
0.13056392967700958		0		1.0
0.1285008043050766		0		1.0
0.12841203808784485		0		1.0
0.13045993447303772		0		1.0
0.1314401477575302		0		1.0
0.12788942456245422		0		1.0
0.1271185278892517		0		1.0
0.12629038095474243		0		1.0
0.1259969025850296		0		1.0
0.1249241977930069		0		1.0
0.1268908679485321		0		1.0
0.1306597739458084		0		1.0
0.12808215618133545		0		1.0
0.12654271721839905		0		1.0
0.13026845455169678		0		1.0
0.13080021739006042		0		1.0
0.13238313794136047		0		1.0
0.13182759284973145		0		1.0
0.1301913559436798		0		1.0
0.12878911197185516		0		1.0
0.1281309872865677		0		1.0
0.12938237190246582		0		1.0
0.1285131722688675		0		1.0
0.12811683118343353		0		1.0
0.1271549016237259		0		1.0
0.12611930072307587		0		1.0
0.1252196729183197		0		1.0
0.1231483593583107		0		1.0
0.1221887394785881		0		1.0
0.1206638514995575		0		1.0
0.12013125419616699		0		1.0
0.12018600106239319		0		1.0
0.11997582763433456		0		1.0
0.11952731758356094		0		1.0
0.12031339854001999		0		1.0
0.12297066301107407		0		1.0
0.12323958426713943		0		1.0
0.12656693160533905		0		1.0
0.12596410512924194		0		1.0
0.1262538731098175		0		1.0
0.12880295515060425		0		1.0
0.12679129838943481		0		1.0
0.13332220911979675		0		1.0
0.13320493698120117		0		1.0
0.13833290338516235		0		1.0
0.1388927698135376		0		1.0
0.14036031067371368		0		1.0
0.1350199431180954		0		1.0
0.13883456587791443		0		1.0
0.1360364705324173		0		1.0
0.1301036924123764		0		1.0
0.13351257145404816		0		1.0
0.1322106271982193		0		1.0
0.1298273503780365		0		1.0
0.12994761765003204		0		1.0
0.1324835866689682		0		1.0
0.1321955919265747		0		1.0
0.13243234157562256		0		1.0
0.12940917909145355		0		1.0
0.12657327950000763		0		1.0
0.1321541965007782		0		1.0
0.13324353098869324		0		1.0
0.12911881506443024		0		1.0
0.12957081198692322		0		1.0
0.13054299354553223		0		1.0
0.12901388108730316		0		1.0
0.13011929392814636		0		1.0
0.12842532992362976		0		1.0
0.12826891243457794		0		1.0
0.1269562542438507		0		1.0
0.1256084144115448		0		1.0
0.12771442532539368		0		1.0
0.12576992809772491		0		1.0
0.12804682552814484		0		1.0
0.1257631778717041		0		1.0
0.12620948255062103		0		1.0
0.12365322560071945		0		1.0
0.12340924143791199		0		1.0
0.12179239094257355		0		1.0
0.12260551005601883		0		1.0
0.12345734983682632		0		1.0
0.12328728288412094		0		1.0
0.12398786097764969		0		1.0
0.12341239303350449		0		1.0
0.12503944337368011		0		1.0
0.12528544664382935		0		1.0
0.12701591849327087		0		1.0
0.12667879462242126		0		1.0
0.12759758532047272		0		1.0
0.13330219686031342		0		1.0
0.1319904774427414		0		1.0
0.13238823413848877		0		1.0
0.13476866483688354		0		1.0
0.13624387979507446		0		1.0
0.13675491511821747		0		1.0
0.13839492201805115		0		1.0
0.13459283113479614		0		1.0
0.13712583482265472		0		1.0
0.13297152519226074		0		1.0
0.13452856242656708		0		1.0
0.1295633316040039		0		1.0
0.134138822555542		0		1.0
0.13266249001026154		0		1.0
0.13174749910831451		0		1.0
0.13083399832248688		0		1.0
0.13222770392894745		0		1.0
0.13176420331001282		0		1.0
0.13073962926864624		0		1.0
0.13067354261875153		0		1.0
0.12960964441299438		0		1.0
0.12822580337524414		0		1.0
0.13118253648281097		0		1.0
0.1299818456172943		0		1.0
0.12855248153209686		0		1.0
0.13324353098869324		0		1.0
0.13539309799671173		0		1.0
0.13111302256584167		0		1.0
0.12979364395141602		0		1.0
0.1301356554031372		0		1.0
0.13115662336349487		0		1.0
0.12906788289546967		0		1.0
0.12997053563594818		0		1.0
0.12666231393814087		0		1.0
0.1256898194551468		0		1.0
0.12575837969779968		0		1.0
0.12481420487165451		0		1.0
0.1244407519698143		0		1.0
0.12316214293241501		0		1.0
0.12277188152074814		0		1.0
0.12390370666980743		0		1.0
0.12597940862178802		0		1.0
0.1266712248325348		0		1.0
0.12932100892066956		0		1.0
0.12862233817577362		0		1.0
0.12849092483520508		0		1.0
0.13258671760559082		0		1.0
0.1361066848039627		0		1.0
0.14055542647838593		0		1.0
0.13646896183490753		0		1.0
0.1410282850265503		0		1.0
0.13979732990264893		0		1.0
0.1416197270154953		0		1.0
0.13713186979293823		0		1.0
0.13618065416812897		0		1.0
0.13819268345832825		0		1.0
0.13413776457309723		0		1.0
0.13718831539154053		0		1.0
0.13323505222797394		0		1.0
0.13248997926712036		0		1.0
0.13537035882472992		0		1.0
0.13681943714618683		0		1.0
0.13308992981910706		0		1.0
0.1300637573003769		0		1.0
0.1308329701423645		0		1.0
0.13163374364376068		0		1.0
0.13245637714862823		0		1.0
0.1317756474018097		0		1.0
0.1408824771642685		0		1.0
0.1381647139787674		0		1.0
0.1371305286884308		0		1.0
0.13369174301624298		0		1.0
0.13704682886600494		0		1.0
0.13883566856384277		0		1.0
0.13358169794082642		0		1.0
0.133988618850708		0		1.0
0.1318833976984024		0		1.0
0.13240045309066772		0		1.0
0.1325543373823166		0		1.0
0.12839357554912567		0		1.0
0.13048388063907623		0		1.0
0.12875996530056		0		1.0
0.127384215593338		0		1.0
0.12584248185157776		0		1.0
0.12825250625610352		0		1.0
0.13005474209785461		0		1.0
0.12819837033748627		0		1.0
0.1271868199110031		0		1.0
0.1256760209798813		0		1.0
0.12643854320049286		0		1.0
0.1263035088777542		0		1.0
0.12717001140117645		0		1.0
0.12720751762390137		0		1.0
0.12739190459251404		0		1.0
0.12658125162124634		0		1.0
0.12928710877895355		0		1.0
0.1349044144153595		0		1.0
0.13461041450500488		0		1.0
0.13559523224830627		0		1.0
0.13607032597064972		0		1.0
0.13269269466400146		0		1.0
0.13779160380363464		0		1.0
0.13585852086544037		0		1.0
0.13681577146053314		0		1.0
0.13761165738105774		0		1.0
0.1341456174850464		0		1.0
0.1321127861738205		0		1.0
0.13196073472499847		0		1.0
0.13160774111747742		0		1.0
0.13236962258815765		0		1.0
0.13263343274593353		0		1.0
0.13115717470645905		0		1.0
0.12969283759593964		0		1.0
0.13462145626544952		0		1.0
0.13979479670524597		0		1.0
0.13950994610786438		0		1.0
0.14361532032489777		0		1.0
0.14034847915172577		0		1.0
0.1404338777065277		0		1.0
0.13570596277713776		0		1.0
0.13827303051948547		0		1.0
0.1365596204996109		0		1.0
0.13511279225349426		0		1.0
0.13230854272842407		0		1.0
0.12994658946990967		0		1.0
0.13261951506137848		0		1.0
0.13174496591091156		0		1.0
0.1290840208530426		0		1.0
0.12877243757247925		0		1.0
0.1269484907388687		0		1.0
0.12759464979171753		0		1.0
0.12858624756336212		0		1.0
0.12649239599704742		0		1.0
0.1273854523897171		0		1.0
0.12850764393806458		0		1.0
0.12729470431804657		0		1.0
0.12659163773059845		0		1.0
0.12538225948810577		0		1.0
0.12547819316387177		0		1.0
0.12495897710323334		0		1.0
0.12591522932052612		0		1.0
0.12626412510871887		0		1.0
0.12682370841503143		0		1.0
0.12913008034229279		0		1.0
0.1304691582918167		0		1.0
0.13109053671360016		0		1.0
0.13369092345237732		0		1.0
0.1394413411617279		0		1.0
0.13563761115074158		0		1.0
0.14059221744537354		0		1.0
0.14172546565532684		0		1.0
0.1388530284166336		0		1.0
0.138913094997406		0		1.0
0.13520070910453796		0		1.0
0.1364925056695938		0		1.0
0.13263319432735443		0		1.0
0.13613878190517426		0		1.0
0.1356716901063919		0		1.0
0.13291244208812714		0		1.0
0.1332026869058609		0		1.0
0.1346636861562729		0		1.0
0.13320933282375336		0		1.0
0.13590815663337708		0		1.0
0.1402963101863861		0		1.0
0.1433095633983612		0		1.0
0.14030605554580688		0		1.0
0.14188145101070404		0		1.0
0.15625245869159698		0		1.0
0.15313267707824707		0		1.0
0.14670875668525696		0		1.0
0.1392858475446701		0		1.0
0.1372440606355667		0		1.0
0.13378258049488068		0		1.0
0.13238577544689178		0		1.0
0.13676492869853973		0		1.0
0.13425716757774353		0		1.0
0.13662560284137726		0		1.0
0.13502530753612518		0		1.0
0.13207341730594635		0		1.0
0.12869668006896973		0		1.0
0.12861493229866028		0		1.0
0.13107511401176453		0		1.0
0.13131892681121826		0		1.0
0.1290655881166458		0		1.0
0.1270713061094284		0		1.0
0.12785319983959198		0		1.0
0.12968608736991882		0		1.0
0.1317143738269806		0		1.0
0.133464977145195		0		1.0
0.13254933059215546		0		1.0
0.13318249583244324		0		1.0
0.134968563914299		0		1.0
0.13697470724582672		0		1.0
0.13439513742923737		0		1.0
0.1347915679216385		0		1.0
0.13551874458789825		0		1.0
0.13593193888664246		0		1.0
0.13812431693077087		0		1.0
0.1358356773853302		0		1.0
0.14257672429084778		0		1.0
0.13777725398540497		0		1.0
0.13640746474266052		0		1.0
0.1364130675792694		0		1.0
0.135957270860672		0		1.0
0.13527239859104156		0		1.0
0.13393713533878326		0		1.0
0.13645683228969574		0		1.0
0.13338305056095123		0		1.0
0.1356566697359085		0		1.0
0.13268108665943146		0		1.0
0.1325303167104721		0		1.0
0.13481785356998444		0		1.0
0.13626201450824738		0		1.0
0.13533525168895721		0		1.0
0.13761840760707855		0		1.0
0.1420736312866211		0		1.0
0.13882698118686676		0		1.0
0.1352609395980835		0		1.0
0.13929085433483124		0		1.0
0.1420935094356537		0		1.0
0.14473985135555267		0		1.0
0.1403568536043167		0		1.0
0.13615897297859192		0		1.0
0.13530154526233673		0		1.0
0.13394521176815033		0		1.0
0.1361241340637207		0		1.0
0.13410238921642303		0		1.0
0.13106761872768402		0		1.0
0.1296790987253189		0		1.0
0.1300962120294571		0		1.0
0.12835395336151123		0		1.0
0.12984192371368408		0		1.0
0.12807925045490265		0		1.0
0.1277403086423874		0		1.0
0.13119862973690033		0		1.0
0.13360992074012756		0		1.0
0.1364142745733261		0		1.0
0.13422761857509613		0		1.0
0.13808292150497437		0		1.0
0.1348126232624054		0		1.0
0.13646800816059113		0		1.0
0.1382301300764084		0		1.0
0.14442750811576843		0		1.0
0.1438521444797516		0		1.0
0.14312882721424103		0		1.0
0.13917577266693115		0		1.0
0.13813291490077972		0		1.0
0.13913989067077637		0		1.0
0.13821589946746826		0		1.0
0.13868674635887146		0		1.0
0.1375380903482437		0		1.0
0.1383807212114334		0		1.0
0.13979937136173248		0		1.0
0.1370435208082199		0		1.0
0.137154221534729		0		1.0
0.1352338194847107		0		1.0
0.13681389391422272		0		1.0
0.13407832384109497		0		1.0
0.13697853684425354		0		1.0
0.13962170481681824		0		1.0
0.13588090240955353		0		1.0
0.14034202694892883		0		1.0
0.1402589976787567		0		1.0
0.13982407748699188		0		1.0
0.13770483434200287		0		1.0
0.13974294066429138		0		1.0
0.14427204430103302		0		1.0
0.14178039133548737		0		1.0
0.1369061917066574		0		1.0
0.14085626602172852		0		1.0
0.14102661609649658		0		1.0
0.13676464557647705		0		1.0
0.13683712482452393		0		1.0
0.13546523451805115		0		1.0
0.13990944623947144		0		1.0
0.13440217077732086		0		1.0
0.1318242996931076		0		1.0
0.12996065616607666		0		1.0
0.12875671684741974		0		1.0
0.12872034311294556		0		1.0
0.12800218164920807		0		1.0
0.12913016974925995		0		1.0
0.12934273481369019		0		1.0
0.12967735528945923		0		1.0
0.13149067759513855		0		1.0
0.13320337235927582		0		1.0
0.13373036682605743		0		1.0
0.13497738540172577		0		1.0
0.13769780099391937		0		1.0
0.13705620169639587		0		1.0
0.13927263021469116		0		1.0
0.13809503614902496		0		1.0
0.1391618549823761		0		1.0
0.14415375888347626		0		1.0
0.1532984972000122		0		1.0
0.1479257196187973		0		1.0
0.14956887066364288		0		1.0
0.146501362323761		0		1.0
0.14576174318790436		0		1.0
0.14459045231342316		0		1.0
0.14338408410549164		0		1.0
0.14010311663150787		0		1.0
0.13799235224723816		0		1.0
0.1387939453125		0		1.0
0.1373129040002823		0		1.0
0.13609440624713898		0		1.0
0.1355055868625641		0		1.0
0.13917160034179688		0		1.0
0.13689789175987244		0		1.0
0.1384577751159668		0		1.0
0.13897356390953064		0		1.0
0.14007996022701263		0		1.0
0.14228379726409912		0		1.0
0.14255641400814056		0		1.0
0.14024335145950317		0		1.0
0.14166159927845		0		1.0
0.14063794910907745		0		1.0
0.14313465356826782		0		1.0
0.14028896391391754		0		1.0
0.13730604946613312		0		1.0
0.13535834848880768		0		1.0
0.13360069692134857		0		1.0
0.1331610232591629		0		1.0
0.1310139149427414		0		1.0
0.13040725886821747		0		1.0
0.12973277270793915		0		1.0
0.13073667883872986		0		1.0
0.12929904460906982		0		1.0
0.1291494220495224		0		1.0
0.13069412112236023		0		1.0
0.13130028545856476		0		1.0
0.13116545975208282		0		1.0
0.13327358663082123		0		1.0
0.13393309712409973		0		1.0
0.13310176134109497		0		1.0
0.1364797204732895		0		1.0
0.1363126039505005		0		1.0
0.1415778398513794		0		1.0
0.14341317117214203		0		1.0
0.14473146200180054		0		1.0
0.1400459259748459		0		1.0
0.1411634236574173		0		1.0
0.1402597874403		0		1.0
0.14389482140541077		0		1.0
0.1488906294107437		0		1.0
0.1489325314760208		0		1.0
0.14420777559280396		0		1.0
0.14584946632385254		0		1.0
0.14589254558086395		0		1.0
0.1479884833097458		0		1.0
0.14455653727054596		0		1.0
0.14017806947231293		0		1.0
0.14051136374473572		0		1.0
0.1398797333240509		0		1.0
0.13671576976776123		0		1.0
0.1408350020647049		0		1.0
0.1403239667415619		0		1.0
0.14328855276107788		0		1.0
0.1429508775472641		0		1.0
0.14489683508872986		0		1.0
0.1457560509443283		0		1.0
0.14749664068222046		0		1.0
0.14487040042877197		0		1.0
0.1456734538078308		0		1.0
0.14731532335281372		0		1.0
0.14603191614151		0		1.0
0.14241532981395721		0		1.0
0.13834287226200104		0		1.0
0.13824112713336945		0		1.0
0.1424618661403656		0		1.0
0.14185522496700287		0		1.0
0.13864827156066895		0		1.0
0.13963815569877625		0		1.0
0.1377938836812973		0		1.0
0.13459105789661407		0		1.0
0.13993999361991882		0		1.0
0.13749338686466217		0		1.0
0.1339217573404312		0		1.0
0.13667263090610504		0		1.0
0.135052889585495		0		1.0
0.13663701713085175		0		1.0
0.13766229152679443		0		1.0
0.14059580862522125		0		1.0
0.14234259724617004		0		1.0
0.1396060734987259		0		1.0
0.13849149644374847		0		1.0
0.1481023132801056		0		1.0
0.14210723340511322		0		1.0
0.15149541199207306		0		1.0
0.1513417661190033		0		1.0
0.14420801401138306		0		1.0
0.1445831060409546		0		1.0
0.14441098272800446		0		1.0
0.14427268505096436		0		1.0
0.142295703291893		0		1.0
0.14279411733150482		0		1.0
0.1412983387708664		0		1.0
0.14320026338100433		0		1.0
0.14397384226322174		0		1.0
0.14795280992984772		0		1.0
0.146689772605896		0		1.0
0.14959722757339478		0		1.0
0.1426869034767151		0		1.0
0.1407293826341629		0		1.0
0.14563865959644318		0		1.0
0.14268122613430023		0		1.0
0.1394633948802948		0		1.0
0.1428980529308319		0		1.0
0.14609628915786743		0		1.0
0.14544102549552917		0		1.0
0.14128634333610535		0		1.0
0.143330916762352		0		1.0
0.14799830317497253		0		1.0
0.14587073028087616		0		1.0
0.1434624195098877		0		1.0
0.1400248408317566		0		1.0
0.14046180248260498		0		1.0
0.13757175207138062		0		1.0
0.13595333695411682		0		1.0
0.13641037046909332		0		1.0
0.13919417560100555		0		1.0
0.13650617003440857		0		1.0
0.13543382287025452		0		1.0
0.13431993126869202		0		1.0
0.13346709311008453		0		1.0
0.1349782645702362		0		1.0
0.1344553828239441		0		1.0
0.13436368107795715		0		1.0
0.13568124175071716		0		1.0
0.1366707980632782		0		1.0
0.1362173855304718		0		1.0
0.13708257675170898		0		1.0
0.13861997425556183		0		1.0
0.1435929387807846		0		1.0
0.14173991978168488		0		1.0
0.14547894895076752		0		1.0
0.14295673370361328		0		1.0
0.14681421220302582		0		1.0
0.14459575712680817		0		1.0
0.14693744480609894		0		1.0
0.14472605288028717		0		1.0
0.14569205045700073		0		1.0
0.1468631625175476		0		1.0
0.14195288717746735		0		1.0
0.1451929360628128		0		1.0
0.1460869163274765		0		1.0
0.1428181380033493		0		1.0
0.14415979385375977		0		1.0
0.1466550976037979		0		1.0
0.14209379255771637		0		1.0
0.14502492547035217		0		1.0
0.14839889109134674		0		1.0
0.15044718980789185		0		1.0
0.14476537704467773		0		1.0
0.14737369120121002		0		1.0
0.14380225539207458		0		1.0
0.1449861228466034		0		1.0
0.1454305648803711		0		1.0
0.14192482829093933		0		1.0
0.14405260980129242		0		1.0
0.1415022760629654		0		1.0
0.14098496735095978		0		1.0
0.14061149954795837		0		1.0
0.13864320516586304		0		1.0
0.13890992105007172		0		1.0
0.13837170600891113		0		1.0
0.13595105707645416		0		1.0
0.13428707420825958		0		1.0
0.13508504629135132		0		1.0
0.13753359019756317		0		1.0
0.1359621286392212		0		1.0
0.135438933968544		0		1.0
0.13507340848445892		0		1.0
0.13335420191287994		0		1.0
0.13270744681358337		0		1.0
0.13307367265224457		0		1.0
0.13381962478160858		0		1.0
0.13567489385604858		0		1.0
0.1357416808605194		0		1.0
0.1424734890460968		0		1.0
0.14677876234054565		0		1.0
0.14236532151699066		0		1.0
0.14258456230163574		0		1.0
0.1441185623407364		0		1.0
0.14520084857940674		0		1.0
0.14628814160823822		0		1.0
0.1438387930393219		0		1.0
0.1445557028055191		0		1.0
0.14532126486301422		0		1.0
0.14958392083644867		0		1.0
0.14716728031635284		0		1.0
0.1473621279001236		0		1.0
0.14760933816432953		0		1.0
0.14417265355587006		0		1.0
0.14476938545703888		0		1.0
0.14567053318023682		0		1.0
0.14411397278308868		0		1.0
0.14675526320934296		0		1.0
0.14456194639205933		0		1.0
0.14299237728118896		0		1.0
0.14284579455852509		0		1.0
0.14425097405910492		0		1.0
0.1501890867948532		0		1.0
0.14749683439731598		0		1.0
0.14508120715618134		0		1.0
0.14777958393096924		0		1.0
0.14641721546649933		0		1.0
0.1465839147567749		0		1.0
0.15397298336029053		0		1.0
0.14664943516254425		0		1.0
0.14162197709083557		0		1.0
0.13969635963439941		0		1.0
0.14014524221420288		0		1.0
0.13810774683952332		0		1.0
0.1376245766878128		0		1.0
0.14165645837783813		0		1.0
0.13620500266551971		0		1.0
0.13522742688655853		0		1.0
0.135164275765419		0		1.0
0.13489261269569397		0		1.0
0.13499121367931366		0		1.0
0.13543282449245453		0		1.0
0.1360301822423935		0		1.0
0.13670523464679718		0		1.0
0.14123141765594482		0		1.0
0.14484868943691254		0		1.0
0.14470839500427246		0		1.0
0.14384743571281433		0		1.0
0.14362409710884094		0		1.0
0.14432665705680847		0		1.0
0.1436421275138855		0		1.0
0.1471177190542221		0		1.0
0.14463020861148834		0		1.0
0.1427963525056839		0		1.0
0.1470302939414978		0		1.0
0.149974524974823		0		1.0
0.15039442479610443		0		1.0
0.15210357308387756		0		1.0
0.15202081203460693		0		1.0
0.15039366483688354		0		1.0
0.14804649353027344		0		1.0
0.14528922736644745		0		1.0
0.14509302377700806		0		1.0
0.1439325362443924		0		1.0
0.1495027393102646		0		1.0
0.1455584168434143		0		1.0
0.14278429746627808		0		1.0
0.14636413753032684		0		1.0
0.14904682338237762		0		1.0
0.14391852915287018		0		1.0
0.14632661640644073		0		1.0
0.14544151723384857		0		1.0
0.1526537537574768		0		1.0
0.14658185839653015		0		1.0
0.1423289030790329		0		1.0
0.15076285600662231		0		1.0
0.15175200998783112		0		1.0
0.14733564853668213		0		1.0
0.14629143476486206		0		1.0
0.1477397382259369		0		1.0
0.14927330613136292		0		1.0
0.14418566226959229		0		1.0
0.14111211895942688		0		1.0
0.1404837816953659		0		1.0
0.14333200454711914		0		1.0
0.13939259946346283		0		1.0
0.13807784020900726		0		1.0
0.13606561720371246		0		1.0
0.13605663180351257		0		1.0
0.13734504580497742		0		1.0
0.1361284703016281		0		1.0
0.13749748468399048		0		1.0
0.14003312587738037		0		1.0
0.1428983062505722		0		1.0
0.14245273172855377		0		1.0
0.1428382396697998		0		1.0
0.14194965362548828		0		1.0
0.14465393126010895		0		1.0
0.14702478051185608		0		1.0
0.14728771150112152		0		1.0
0.1469101905822754		0		1.0
0.1446259319782257		0		1.0
0.14829814434051514		0		1.0
0.15289027988910675		0		1.0
0.14831100404262543		0		1.0
0.14985959231853485		0		1.0
0.15087507665157318		0		1.0
0.15042808651924133		0		1.0
0.15241631865501404		0		1.0
0.1504799872636795		0		1.0
0.14819225668907166		0		1.0
0.1469206064939499		0		1.0
0.1460883766412735		0		1.0
0.1447632759809494		0		1.0
0.14337512850761414		0		1.0
0.14620476961135864		0		1.0
0.1474345475435257		0		1.0
0.14788179099559784		0		1.0
0.14825208485126495		0		1.0
0.14731131494045258		0		1.0
0.14487433433532715		0		1.0
0.14801421761512756		0		1.0
0.1465117335319519		0		1.0
0.147809699177742		0		1.0
0.14413540065288544		0		1.0
0.14427807927131653		0		1.0
0.14351145923137665		0		1.0
0.14406315982341766		0		1.0
0.14362874627113342		0		1.0
0.14243309199810028		0		1.0
0.1393149197101593		0		1.0
0.1389814019203186		0		1.0
0.13766111433506012		0		1.0
0.1379905641078949		0		1.0
0.13645869493484497		0		1.0
0.13750043511390686		0		1.0
0.13691337406635284		0		1.0
0.1370573341846466		0		1.0
0.1386146992444992		0		1.0
0.1388358622789383		0		1.0
0.14562365412712097		0		1.0
0.1452265977859497		0		1.0
0.14522980153560638		0		1.0
0.1463954895734787		0		1.0
0.14611421525478363		0		1.0
0.14924561977386475		0		1.0
0.14827997982501984		0		1.0
0.1488383561372757		0		1.0
0.14851582050323486		0		1.0
0.1509047895669937		0		1.0
0.15020811557769775		0		1.0
0.1483849585056305		0		1.0
0.15248893201351166		0		1.0
0.1600092649459839		0		1.0
0.15201161801815033		0		1.0
0.15353108942508698		0		1.0
0.15030784904956818		0		1.0
0.14700275659561157		0		1.0
0.145828977227211		0		1.0
0.14923173189163208		0		1.0
0.1450340747833252		0		1.0
0.14299488067626953		0		1.0
0.14390265941619873		0		1.0
0.14881020784378052		0		1.0
0.14850029349327087		0		1.0
0.1477578580379486		0		1.0
0.14778369665145874		0		1.0
0.1477460414171219		0		1.0
0.14800630509853363		0		1.0
0.14670002460479736		0		1.0
0.14667774736881256		0		1.0
0.14732050895690918		0		1.0
0.14860473573207855		0		1.0
0.1470678597688675		0		1.0
0.14438463747501373		0		1.0
0.14303262531757355		0		1.0
0.14355416595935822		0		1.0
0.14201419055461884		0		1.0
0.13940878212451935		0		1.0
0.13845811784267426		0		1.0
0.13977360725402832		0		1.0
0.13820482790470123		0		1.0
0.13701705634593964		0		1.0
0.13589519262313843		0		1.0
0.13807691633701324		0		1.0
0.13717634975910187		0		1.0
0.1382361352443695		0		1.0
0.14075002074241638		0		1.0
0.14367066323757172		0		1.0
0.1423502266407013		0		1.0
0.1411849409341812		0		1.0
0.1424626260995865		0		1.0
0.14306817948818207		0		1.0
0.14685897529125214		0		1.0
0.14916923642158508		0		1.0
0.15206071734428406		0		1.0
0.15191414952278137		0		1.0
0.1514919549226761		0		1.0
0.14730380475521088		0		1.0
0.14711353182792664		0		1.0
0.15677502751350403		0		1.0
0.15394195914268494		0		1.0
0.15059150755405426		0		1.0
0.1573861986398697		0		1.0
0.15549150109291077		0		1.0
0.1529184728860855		0		1.0
0.15329140424728394		0		1.0
0.15023452043533325		0		1.0
0.14743956923484802		0		1.0
0.14485350251197815		0		1.0
0.14521092176437378		0		1.0
0.152589812874794		0		1.0
0.14802151918411255		0		1.0
0.14705362915992737		0		1.0
0.14804594218730927		0		1.0
0.15316349267959595		0		1.0
0.15968871116638184		0		1.0
0.15347670018672943		0		1.0
0.14829190075397491		0		1.0
0.14651548862457275		0		1.0
0.15285749733448029		0		1.0
0.15124112367630005		0		1.0
0.14700554311275482		0		1.0
0.15015985071659088		0		1.0
0.1559816151857376		0		1.0
0.15159893035888672		0		1.0
0.14484865963459015		0		1.0
0.14270813763141632		0		1.0
0.1421608179807663		0		1.0
0.1402152180671692		0		1.0
0.14064185321331024		0		1.0
0.14003410935401917		0		1.0
0.14073319733142853		0		1.0
0.13967673480510712		0		1.0
0.14043428003787994		0		1.0
0.14052408933639526		0		1.0
0.14351987838745117		0		1.0
0.14371530711650848		0		1.0
0.14503979682922363		0		1.0
0.14962764084339142		0		1.0
0.14886829257011414		0		1.0
0.14977359771728516		0		1.0
0.1546931117773056		0		1.0
0.15580029785633087		0		1.0
0.15249991416931152		0		1.0
0.15339501202106476		0		1.0
0.1496819108724594		0		1.0
0.1488036960363388		0		1.0
0.15236403048038483		0		1.0
0.15076033771038055		0		1.0
0.15096473693847656		0		1.0
0.14971837401390076		0		1.0
0.15031710267066956		0		1.0
0.14729958772659302		0		1.0
0.14799925684928894		0		1.0
0.15113459527492523		0		1.0
0.15045054256916046		0		1.0
0.1492021679878235		0		1.0
0.15127454698085785		0		1.0
0.14802873134613037		0		1.0
0.1465938538312912		0		1.0
0.14562204480171204		0		1.0
0.15106657147407532		0		1.0
0.14628109335899353		0		1.0
0.14598016440868378		0		1.0
0.148209348320961		0		1.0
0.14992837607860565		0		1.0
0.14978264272212982		0		1.0
0.15056851506233215		0		1.0
0.16000688076019287		0		1.0
0.1591341346502304		0		1.0
0.1507425606250763		0		1.0
0.1465013325214386		0		1.0
0.1508605033159256		0		1.0
0.1467481404542923		0		1.0
0.14465375244617462		0		1.0
0.1423906832933426		0		1.0
0.14163608849048615		0		1.0
0.13975849747657776		0		1.0
0.14285938441753387		0		1.0
0.14240558445453644		0		1.0
0.14212343096733093		0		1.0
0.14092285931110382		0		1.0
0.14126227796077728		0		1.0
0.14138799905776978		0		1.0
0.14341355860233307		0		1.0
0.1449040323495865		0		1.0
0.14665010571479797		0		1.0
0.1532052457332611		0		1.0
0.15073606371879578		0		1.0
0.15328200161457062		0		1.0
0.1539164036512375		0		1.0
0.15189947187900543		0		1.0
0.15056267380714417		0		1.0
0.15404972434043884		0		1.0
0.1553204208612442		0		1.0
0.1505371332168579		0		1.0
0.14803771674633026		0		1.0
0.1635386049747467		0		1.0
0.156282439827919		0		1.0
0.15297622978687286		0		1.0
0.16297604143619537		0		1.0
0.15747565031051636		0		1.0
0.16207778453826904		0		1.0
0.1577361822128296		0		1.0
0.15341848134994507		0		1.0
0.14991557598114014		0		1.0
0.15194374322891235		0		1.0
0.15688619017601013		0		1.0
0.160343199968338		0		1.0
0.15378333628177643		0		1.0
0.15060554444789886		0		1.0
0.14997684955596924		0		1.0
0.14798139035701752		0		1.0
0.1509435623884201		0		1.0
0.14817975461483002		0		1.0
0.14912448823451996		0		1.0
0.14603613317012787		0		1.0
0.14769206941127777		0		1.0
0.14767397940158844		0		1.0
0.14729857444763184		0		1.0
0.14865604043006897		0		1.0
0.15373361110687256		0		1.0
0.14562834799289703		0		1.0
0.14361505210399628		0		1.0
0.14313386380672455		0		1.0
0.14208199083805084		0		1.0
0.1415368765592575		0		1.0
0.14529292285442352		0		1.0
0.14183764159679413		0		1.0
0.14082200825214386		0		1.0
0.143508642911911		0		1.0
0.14588749408721924		0		1.0
0.14367687702178955		0		1.0
0.14234520494937897		0		1.0
0.14468826353549957		0		1.0
0.148403599858284		0		1.0
0.14678549766540527		0		1.0
0.1486961841583252		0		1.0
0.15193530917167664		0		1.0
0.14967909455299377		0		1.0
0.1544182300567627		0		1.0
0.15208874642848969		0		1.0
0.158757746219635		0		1.0
0.1541886329650879		0		1.0
0.15354673564434052		0		1.0
0.15124978125095367		0		1.0
0.1499508023262024		0		1.0
0.15187637507915497		0		1.0
0.1517675369977951		0		1.0
0.153079092502594		0		1.0
0.14766906201839447		0		1.0
0.15182709693908691		0		1.0
0.15094195306301117		0		1.0
0.14864306151866913		0		1.0
0.14935924112796783		0		1.0
0.14754395186901093		0		1.0
0.14721564948558807		0		1.0
0.14621026813983917		0		1.0
0.14616571366786957		0		1.0
0.148819699883461		0		1.0
0.1510799080133438		0		1.0
0.15133993327617645		0		1.0
0.15631341934204102		0		1.0
0.1515681892633438		0		1.0
0.15429140627384186		0		1.0
0.15318697690963745		0		1.0
0.15111730992794037		0		1.0
0.14765870571136475		0		1.0
0.14422552287578583		0		1.0
0.14710965752601624		0		1.0
0.14512664079666138		0		1.0
0.14889389276504517		0		1.0
0.14734315872192383		0		1.0
0.14484743773937225		0		1.0
0.14627769589424133		0		0.0
0.1454770565032959		0		0.0
0.14813067018985748		0		0.0
0.15346932411193848		0		0.0
0.15656441450119019		0		0.0
0.1537267565727234		0		0.0
0.15381546318531036		0		0.0
0.15588094294071198		0		0.0
0.15497511625289917		0		0.0
0.1611751765012741		0		0.0
0.1683582216501236		0		0.0
0.16080376505851746		0		0.0
0.16725389659404755		0		0.0
0.16286663711071014		0		0.0
0.17690736055374146		0		0.0
0.1705171763896942		0		0.0
0.16255614161491394		0		0.0
0.1589701920747757		0		0.0
0.17212414741516113		0		0.0
0.16741308569908142		0		0.0
0.16190563142299652		0		0.0
0.16993184387683868		0		0.0
0.16301865875720978		0		0.0
0.1710544377565384		0		0.0
0.16572614014148712		0		0.0
0.1607789248228073		0		0.0
0.16211913526058197		0		0.0
0.15989549458026886		0		0.0
0.1587127298116684		0		0.0
0.1555580347776413		0		0.0
0.1589038223028183		0		0.0
0.1640295386314392		0		0.0
0.16470737755298615		0		0.0
0.1726207137107849		0		0.0
0.16710585355758667		0		0.0
0.1781981885433197		0		0.0
0.1781955510377884		0		0.0
0.1717766672372818		0		0.0
0.16308870911598206		0		0.0
0.1620740443468094		0		0.0
0.17308852076530457		0		0.0
0.16826704144477844		0		0.0
0.16075336933135986		0		0.0
0.15916109085083008		0		0.0
0.15991169214248657		0		0.0
0.16924895346164703		0		0.0
0.16278702020645142		0		0.0
0.15659473836421967		0		0.0
0.15685425698757172		0		0.0
0.16009394824504852		0		0.0
0.16322444379329681		0		0.0
0.16357289254665375		0		0.0
0.16309130191802979		0		0.0
0.16009186208248138		0		0.0
0.1590363085269928		0		0.0
0.17027346789836884		0		0.0
0.17640376091003418		0		0.0
0.17333900928497314		0		0.0
0.17198997735977173		0		0.0
0.17933806777000427		0		0.0
0.17844298481941223		0		0.0
0.1651419699192047		0		0.0
0.16490845382213593		0		0.0
0.1635291576385498		0		0.0
0.16718743741512299		0		0.0
0.1673852652311325		0		0.0
0.16293710470199585		0		0.0
0.16076894104480743		0		0.0
0.1637682020664215		0		0.0
0.1605093628168106		0		0.0
0.1630442887544632		0		0.0
0.15687112510204315		0		0.0
0.15765495598316193		0		0.0
0.15610916912555695		0		0.0
0.15863916277885437		0		0.0
0.16637921333312988		0		0.0
0.1749458760023117		0		0.0
0.17700377106666565		0		0.0
0.16993924975395203		0		0.0
0.16648191213607788		0		0.0
0.16038966178894043		0		0.0
0.16164326667785645		0		0.0
0.16498635709285736		0		0.0
0.1600937843322754		0		0.0
0.15773415565490723		0		0.0
0.16168631613254547		0		0.0
0.16318279504776		0		0.0
0.16031835973262787		0		0.0
0.1609019637107849		0		0.0
0.1667833924293518		0		0.0
0.16572096943855286		0		0.0
0.15967866778373718		0		0.0
0.1573702096939087		0		0.0
0.16157537698745728		0		0.0
0.15781264007091522		0		0.0
0.1618940830230713		0		0.0
0.1548527628183365		0		0.0
0.15313377976417542		0		0.0
0.14930221438407898		0		0.0
0.16110104322433472		0		0.0
0.15659241378307343		0		0.0
0.15924984216690063		0		0.0
0.16285501420497894		0		0.0
0.16136670112609863		0		0.0
0.1603420376777649		0		0.0
0.15693818032741547		0		0.0
0.15815375745296478		0		0.0
0.16490821540355682		0		0.0
0.16570092737674713		0		0.0
0.17279277741909027		0		0.0
0.1638740748167038		0		0.0
0.1671833097934723		0		0.0
0.16585814952850342		0		0.0
0.16657522320747375		0		0.0
0.1599569171667099		0		0.0
0.16192956268787384		0		0.0
0.16579216718673706		0		0.0
0.17324039340019226		0		0.0
0.17030440270900726		0		0.0
0.1687251776456833		0		0.0
0.1709514707326889		0		0.0
0.17485393583774567		0		0.0
0.17114605009555817		0		0.0
0.16905052959918976		0		0.0
0.169949471950531		0		0.0
0.16851960122585297		0		0.0
0.16601406037807465		0		0.0
0.1700006127357483		0		0.0
0.17181169986724854		0		0.0
0.16546013951301575		0		0.0
0.16916584968566895		0		0.0
0.1602529138326645		0		0.0
0.15984287858009338		0		0.0
0.16544920206069946		0		0.0
0.1688719093799591		0		0.0
0.17117643356323242		0		0.0
0.16158311069011688		0		0.0
0.16203075647354126		0		0.0
0.16718092560768127		0		0.0
0.16044387221336365		0		0.0
0.1629003882408142		0		0.0
0.15980075299739838		0		0.0
0.15580616891384125		0		0.0
0.15356630086898804		0		0.0
0.15301504731178284		0		0.0
0.1543017029762268		0		0.0
0.1569312959909439		0		0.0
0.16120252013206482		0		0.0
0.15870530903339386		0		0.0
0.16385842859745026		0		0.0
0.1665496826171875		0		0.0
0.1645515412092209		0		0.0
0.16389092803001404		0		0.0
0.1662748157978058		0		0.0
0.17537906765937805		0		0.0
0.18193332850933075		0		0.0
0.17167794704437256		0		0.0
0.16998738050460815		0		0.0
0.16933822631835938		0		0.0
0.16689391434192657		0		0.0
0.1627253144979477		0		0.0
0.16341103613376617		0		0.0
0.1679549366235733		0		0.0
0.1676262468099594		0		0.0
0.16236825287342072		0		0.0
0.16537834703922272		0		0.0
0.1653507500886917		0		0.0
0.16508030891418457		0		0.0
0.16457857191562653		0		0.0
0.16458724439144135		0		0.0
0.1642448604106903		0		0.0
0.17017793655395508		0		0.0
0.16411571204662323		0		0.0
0.16636042296886444		0		0.0
0.17688243091106415		0		0.0
0.16851718723773956		0		0.0
0.16502128541469574		0		0.0
0.16949790716171265		0		0.0
0.17508767545223236		0		0.0
0.17287935316562653		0		0.0
0.17091891169548035		0		0.0
0.16355697810649872		0		0.0
0.17045918107032776		0		0.0
0.17978285253047943		0		0.0
0.1703202873468399		0		0.0
0.1738310307264328		0		0.0
0.16377466917037964		0		0.0
0.1647205948829651		0		0.0
0.15845443308353424		0		0.0
0.15744347870349884		0		0.0
0.16153796017169952		0		0.0
0.16697344183921814		0		0.0
0.15765148401260376		0		0.0
0.16045492887496948		0		0.0
0.16086828708648682		0		0.0
0.1639753133058548		0		0.0
0.16653896868228912		0		0.0
0.17775529623031616		0		0.0
0.1841559112071991		0		0.0
0.18156646192073822		0		0.0
0.17747563123703003		0		0.0
0.18870428204536438		0		0.0
0.17869707942008972		0		0.0
0.1700199395418167		0		0.0
0.1675785779953003		0		0.0
0.16958589851856232		0		0.0
0.1859094202518463		0		0.0
0.17395353317260742		0		0.0
0.17094270884990692		0		0.0
0.1686144471168518		0		0.0
0.16925178468227386		0		0.0
0.1803777813911438		0		0.0
0.17345942556858063		0		0.0
0.16855108737945557		0		0.0
0.17755280435085297		0		0.0
0.16974902153015137		0		0.0
0.16463230550289154		0		0.0
0.16828882694244385		0		0.0
0.17582763731479645		0		0.0
0.17097194492816925		0		0.0
0.16766737401485443		0		0.0
0.17145361006259918		0		0.0
0.17072895169258118		0		0.0
0.1732678860425949		0		0.0
0.16904444992542267		0		0.0
0.16179709136486053		0		0.0
0.1684630811214447		0		0.0
0.17054691910743713		0		0.0
0.17528027296066284		0		0.0
0.18087071180343628		0		0.0
0.1730986088514328		0		0.0
0.17609187960624695		0		0.0
0.1747945100069046		0		0.0
0.18148986995220184		0		0.0
0.18200984597206116		0		0.0
0.18370361626148224		0		0.0
0.18750934302806854		0		0.0
0.17395253479480743		0		0.0
0.16617394983768463		0		0.0
0.1642603576183319		0		0.0
0.15842141211032867		0		0.0
0.16294221580028534		0		0.0
0.16227461397647858		0		0.0
0.1631850302219391		0		0.0
0.1792653203010559		0		0.0
0.17137305438518524		0		0.0
0.1655903309583664		0		0.0
0.16392678022384644		0		0.0
0.17164045572280884		0		0.0
0.17520412802696228		0		0.0
0.16790592670440674		0		0.0
0.17253348231315613		0		0.0
0.17392663657665253		0		0.0
0.1686890423297882		0		0.0
0.16641314327716827		0		0.0
0.167674258351326		0		0.0
0.18460668623447418		0		0.0
0.1766292303800583		0		0.0
0.1719282567501068		0		0.0
0.173709899187088		0		0.0
0.17365534603595734		0		0.0
0.17043985426425934		0		0.0
0.17246143519878387		0		0.0
0.1758049875497818		0		0.0
0.18302959203720093		0		0.0
0.19485591351985931		0		0.0
0.18487824499607086		0		0.0
0.17371656000614166		0		0.0
0.1764380782842636		0		0.0
0.1712205559015274		0		0.0
0.16720671951770782		0		0.0
0.16602574288845062		0		0.0
0.16786441206932068		0		0.0
0.16759367287158966		0		0.0
0.17491668462753296		0		0.0
0.17818662524223328		0		0.0
0.17417214810848236		0		0.0
0.17229442298412323		0		0.0
0.16631902754306793		0		0.0
0.16366781294345856		0		0.0
0.1628783792257309		0		0.0
0.17363104224205017		0		0.0
0.17117416858673096		0		0.0
0.1700523942708969		0		0.0
0.1647152602672577		0		0.0
0.16086749732494354		0		0.0
0.15983910858631134		0		0.0
0.16003018617630005		0		0.0
0.15893055498600006		0		0.0
0.1585002839565277		0		0.0
0.161528080701828		0		0.0
0.16382133960723877		0		0.0
0.16057650744915009		0		0.0
0.15727615356445312		0		0.0
0.18036849796772003		0		0.0
0.17575760185718536		0		0.0
0.18488474190235138		0		0.0
0.17278774082660675		0		0.0
0.16866597533226013		0		0.0
0.17205338180065155		0		0.0
0.16987542808055878		0		0.0
0.1697319895029068		0		0.0
0.1831643283367157		0		0.0
0.19028396904468536		0		0.0
0.1842309683561325		0		0.0
0.1799570471048355		0		0.0
0.18705956637859344		0		0.0
0.19543544948101044		0		0.0
0.18894316256046295		0		0.0
0.18114502727985382		0		0.0
0.17298991978168488		0		0.0
0.1800922304391861		0		0.0
0.17342880368232727		0		0.0
0.16483639180660248		0		0.0
0.1590006947517395		0		0.0
0.16371838748455048		0		0.0
0.16491958498954773		0		0.0
0.16344161331653595		0		0.0
0.16592136025428772		0		0.0
0.16680485010147095		0		0.0
0.17044253647327423		0		0.0
0.17626503109931946		0		0.0
0.1705533266067505		0		0.0
0.16681785881519318		0		0.0
0.17418907582759857		0		0.0
0.1740032583475113		0		0.0
0.16934385895729065		0		0.0
0.1715301275253296		0		0.0
0.17044323682785034		0		0.0
0.16886647045612335		0		0.0
0.16990697383880615		0		0.0
0.1615762710571289		0		0.0
0.16255660355091095		0		0.0
0.1592843383550644		0		0.0
0.15951883792877197		0		0.0
0.16313785314559937		0		0.0
0.16759656369686127		0		0.0
0.16645897924900055		0		0.0
0.16325710713863373		0		0.0
0.16042083501815796		0		0.0
0.16878345608711243		0		0.0
0.163973867893219		0		0.0
0.17727138102054596		0		0.0
0.17078065872192383		0		0.0
0.16975408792495728		0		0.0
0.1696963608264923		0		0.0
0.16867731511592865		0		0.0
0.1692204773426056		0		0.0
0.1758040338754654		0		0.0
0.1797616183757782		0		0.0
0.17332550883293152		0		0.0
0.17490528523921967		0		0.0
0.17510128021240234		0		0.0
0.171440988779068		0		0.0
0.19747625291347504		0		0.0
0.18322890996932983		0		0.0
0.17568500339984894		0		0.0
0.17271089553833008		0		0.0
0.17167305946350098		0		0.0
0.174705371260643		0		0.0
0.17297478020191193		0		0.0
0.17029309272766113		0		0.0
0.16988202929496765		0		0.0
0.1723673790693283		0		0.0
0.16806378960609436		0		0.0
0.17468929290771484		0		0.0
0.18061335384845734		0		0.0
0.17995037138462067		0		0.0
0.17570163309574127		0		0.0
0.17768868803977966		0		0.0
0.17294538021087646		0		0.0
0.176504984498024		0		0.0
0.17487318813800812		0		0.0
0.17107154428958893		0		0.0
0.16978804767131805		0		0.0
0.17089268565177917		0		0.0
0.16756539046764374		0		0.0
0.16865204274654388		0		0.0
0.16211099922657013		0		0.0
0.1639244556427002		0		0.0
0.1608649343252182		0		0.0
0.1580740511417389		0		0.0
0.16085058450698853		0		0.0
0.16018515825271606		0		0.0
0.16066567599773407		0		0.0
0.16298960149288177		0		0.0
0.16431809961795807		0		0.0
0.16268344223499298		0		0.0
0.16208584606647491		0		0.0
0.16402173042297363		0		0.0
0.1647999882698059		0		0.0
0.16590213775634766		0		0.0
0.17030301690101624		0		0.0
0.178217813372612		0		0.0
0.1750328689813614		0		0.0
0.18667909502983093		0		0.0
0.18370607495307922		0		0.0
0.18726851046085358		0		0.0
0.18039679527282715		0		0.0
0.17368900775909424		0		0.0
0.18406042456626892		0		0.0
0.19070746004581451		0		0.0
0.17821335792541504		0		0.0
0.1783307045698166		0		0.0
0.17951345443725586		0		0.0
0.17708273231983185		0		0.0
0.1731753647327423		0		0.0
0.1673579216003418		0		0.0
0.16675785183906555		0		0.0
0.1722564995288849		0		0.0
0.18195058405399323		0		0.0
0.19449234008789062		0		0.0
0.18326061964035034		0		0.0
0.1704583317041397		0		0.0
0.16891564428806305		0		0.0
0.18209828436374664		0		0.0
0.18673375248908997		0		0.0
0.19131158292293549		0		0.0
0.17832648754119873		0		0.0
0.17280080914497375		0		0.0
0.1656225323677063		0		0.0
0.16961471736431122		0		0.0
0.16538619995117188		0		0.0
0.17550413310527802		0		0.0
0.16808301210403442		0		0.0
0.1652238517999649		0		0.0
0.16089576482772827		0		0.0
0.15929070115089417		0		0.0
0.1641654521226883		0		0.0
0.16068780422210693		0		0.0
0.15985357761383057		0		0.0
0.1567426323890686		0		0.0
0.16214799880981445		0		0.0
0.1660541445016861		0		0.0
0.1623869091272354		0		0.0
0.1639375388622284		0		0.0
0.1690092533826828		0		0.0
0.17518706619739532		0		0.0
0.17629453539848328		0		0.0
0.1824292540550232		0		0.0
0.192533940076828		0		0.0
0.17883962392807007		0		0.0
0.18080715835094452		0		0.0
0.1855737715959549		0		0.0
0.1812976747751236		0		0.0
0.1882661134004593		0		0.0
0.1899394392967224		0		0.0
0.18819734454154968		0		0.0
0.18429960310459137		0		0.0
0.18180961906909943		0		0.0
0.17696300148963928		0		0.0
0.18381242454051971		0		0.0
0.18265147507190704		0		0.0
0.1727684587240219		0		0.0
0.18497450649738312		0		0.0
0.17559553682804108		0		0.0
0.16689029335975647		0		0.0
0.16711759567260742		0		0.0
0.16403990983963013		0		0.0
0.17256292700767517		0		0.0
0.17607471346855164		0		0.0
0.1772110015153885		0		0.0
0.171840637922287		0		0.0
0.1705421656370163		0		0.0
0.1714552342891693		0		0.0
0.16924551129341125		0		0.0
0.17160570621490479		0		0.0
0.17146068811416626		0		0.0
0.17748957872390747		0		0.0
0.18324477970600128		0		0.0
0.1765880435705185		0		0.0
0.17703677713871002		0		0.0
0.17608113586902618		0		0.0
0.17215383052825928		0		0.0
0.17077776789665222		0		0.0
0.16660313308238983		0		0.0
0.17182351648807526		0		0.0
0.16497540473937988		0		0.0
0.15991471707820892		0		0.0
0.1590791791677475		0		0.0
0.16217458248138428		0		0.0
0.15848611295223236		0		0.0
0.15652647614479065		0		0.0
0.15815284848213196		0		0.0
0.1615435779094696		0		0.0
0.1649179607629776		0		0.0
0.16773784160614014		0		0.0
0.16507887840270996		0		0.0
0.16723066568374634		0		0.0
0.167824387550354		0		0.0
0.17040018737316132		0		0.0
0.17076893150806427		0		0.0
0.17525531351566315		0		0.0
0.17523019015789032		0		0.0
0.18658190965652466		0		0.0
0.1803194284439087		0		0.0
0.17286427319049835		0		0.0
0.17675231397151947		0		0.0
0.18132629990577698		0		0.0
0.19202540814876556		0		0.0
0.17853617668151855		0		0.0
0.17689865827560425		0		0.0
0.18161320686340332		0		0.0
0.1782417744398117		0		0.0
0.1723298877477646		0		0.0
0.1679091453552246		0		0.0
0.18694131076335907		0		0.0
0.18304023146629333		0		0.0
0.17090368270874023		0		0.0
0.16956400871276855		0		0.0
0.1751302033662796		0		0.0
0.1833665370941162		0		0.0
0.18366733193397522		0		0.0
0.17636024951934814		0		0.0
0.1821078360080719		0		0.0
0.17862185835838318		0		0.0
0.17696461081504822		0		0.0
0.17442317306995392		0		0.0
0.16807058453559875		0		0.0
0.16592925786972046		0		0.0
0.16814762353897095		0		0.0
0.17640572786331177		0		0.0
0.1790294051170349		0		0.0
0.1710130274295807		0		0.0
0.1653333455324173		0		0.0
0.16292603313922882		0		0.0
0.1614626944065094		0		0.0
0.16804444789886475		0		0.0
0.16663014888763428		0		0.0
0.16967102885246277		0		0.0
0.16642525792121887		0		0.0
0.1651919037103653		0		0.0
0.1656014770269394		0		0.0
0.1670369803905487		0		0.0
0.17252680659294128		0		0.0
0.17022109031677246		0		0.0
0.17012055218219757		0		0.0
0.1741403043270111		0		0.0
0.1741207093000412		0		0.0
0.17977824807167053		0		0.0
0.17645953595638275		0		0.0
0.17679281532764435		0		0.0
0.18404586613178253		0		0.0
0.180196613073349		0		0.0
0.18715763092041016		0		0.0
0.1869756132364273		0		0.0
0.1851075291633606		0		0.0
0.18548916280269623		0		0.0
0.18550492823123932		0		0.0
0.17805877327919006		0		0.0
0.17118719220161438		0		0.0
0.17179757356643677		0		0.0
0.17985250055789948		0		0.0
0.18510548770427704		0		0.0
0.17485745251178741		0		0.0
0.1732649803161621		0		0.0
0.1827879101037979		0		0.0
0.18797346949577332		0		0.0
0.20124702155590057		0		0.0
0.1974717378616333		0		0.0
0.18658187985420227		0		0.0
0.17690375447273254		0		0.0
0.17442266643047333		0		0.0
0.17877799272537231		0		0.0
0.1786157488822937		0		0.0
0.19547949731349945		0		0.0
0.1924065500497818		0		0.0
0.18966397643089294		0		0.0
0.1961371898651123		0		0.0
0.18480171263217926		0		0.0
0.18388286232948303		0		0.0
0.18018096685409546		0		0.0
0.1872795820236206		0		0.0
0.17923077940940857		0		0.0
0.16993550956249237		0		0.0
0.16750690340995789		0		0.0
0.1741672158241272		0		0.0
0.16749170422554016		0		0.0
0.16789507865905762		0		0.0
0.1645386517047882		0		0.0
0.17057102918624878		0		0.0
0.16864973306655884		0		0.0
0.18318712711334229		0		0.0
0.1761603057384491		0		0.0
0.1841927319765091		0		0.0
0.17506273090839386		0		0.0
0.17751386761665344		0		0.0
0.17998884618282318		0		0.0
0.17381560802459717		0		0.0
0.1690596640110016		0		0.0
0.1738085001707077		0		0.0
0.17117978632450104		0		0.0
0.17209163308143616		0		0.0
0.1771390736103058		0		0.0
0.1730557084083557		0		0.0
0.17336523532867432		0		0.0
0.17110568284988403		0		0.0
0.17761379480361938		0		0.0
0.17558486759662628		0		0.0
0.17799976468086243		0		0.0
0.18420249223709106		0		0.0
0.17196258902549744		0		0.0
0.16832983493804932		0		0.0
0.169346883893013		0		0.0
0.1696431189775467		0		0.0
0.16705846786499023		0		0.0
0.1694321185350418		0		0.0
0.17396973073482513		0		0.0
0.17598280310630798		0		0.0
0.1826275885105133		0		0.0
0.17686550319194794		0		0.0
0.1762862503528595		0		0.0
0.17217063903808594		0		0.0
0.1723451167345047		0		0.0
0.19626297056674957		0		0.0
0.18216155469417572		0		0.0
0.17236937582492828		0		0.0
0.17364099621772766		0		0.0
0.172913059592247		0		0.0
0.16639332473278046		0		0.0
0.1716480404138565		0		0.0
0.17889100313186646		0		0.0
0.18461082875728607		0		0.0
0.17530322074890137		0		0.0
0.1692749559879303		0		0.0
0.16413071751594543		0		0.0
0.17394109070301056		0		0.0
0.17061401903629303		0		0.0
0.1744740754365921		0		0.0
0.18005488812923431		0		0.0
0.18097488582134247		0		0.0
0.17590582370758057		0		0.0
0.17174400389194489		0		0.0
0.17205658555030823		0		0.0
0.17402155697345734		0		0.0
0.17577502131462097		0		0.0
0.17917819321155548		0		0.0
0.1743466556072235		0		0.0
0.18482454121112823		0		0.0
0.19261474907398224		0		0.0
0.18383663892745972		0		0.0
0.17718912661075592		0		0.0
0.17902645468711853		0		0.0
0.17712542414665222		0		0.0
0.1829778403043747		0		0.0
0.18389664590358734		0		0.0
0.18157054483890533		0		0.0
0.19068896770477295		0		0.0
0.18375958502292633		0		0.0
0.1790737807750702		0		0.0
0.174782395362854		0		0.0
0.1828220784664154		0		0.0
0.17655929923057556		0		0.0
0.17740412056446075		0		0.0
0.17006520926952362		0		0.0
0.17376691102981567		0		0.0
0.1767546683549881		0		0.0
0.1741737276315689		0		0.0
0.17938750982284546		0		0.0
0.17616750299930573		0		0.0
0.1771649569272995		0		0.0
0.1751379668712616		0		0.0
0.17145687341690063		0		0.0
0.17255330085754395		0		0.0
0.1732940375804901		0		0.0
0.1814771294593811		0		0.0
0.1723678708076477		0		0.0
0.17108380794525146		0		0.0
0.17294803261756897		0		0.0
0.17053909599781036		0		0.0
0.17142976820468903		0		0.0
0.17130853235721588		0		0.0
0.16695520281791687		0		0.0
0.1659107506275177		0		0.0
0.17719998955726624		0		0.0
0.17590171098709106		0		0.0
0.17212356626987457		0		0.0
0.16878753900527954		0		0.0
0.16702453792095184		0		0.0
0.16950340569019318		0		0.0
0.1710275113582611		0		0.0
0.17002639174461365		0		0.0
0.172934427857399		0		0.0
0.183788001537323		0		0.0
0.1765514761209488		0		0.0
0.17930661141872406		0		0.0
0.1775820553302765		0		0.0
0.17704038321971893		0		0.0
0.1800224781036377		0		0.0
0.17845706641674042		0		0.0
0.18180036544799805		0		0.0
0.19236129522323608		0		0.0
0.1880045235157013		0		0.0
0.17903628945350647		0		0.0
0.17998459935188293		0		0.0
0.18098533153533936		0		0.0
0.1728178709745407		0		0.0
0.17019662261009216		0		0.0
0.17627191543579102		0		0.0
0.1746298372745514		0		0.0
0.177548348903656		0		0.0
0.176197350025177		0		0.0
0.17728987336158752		0		0.0
0.1805013120174408		0		0.0
0.18997333943843842		0		0.0
0.18323276937007904		0		0.0
0.18137407302856445		0		0.0
0.17713937163352966		0		0.0
0.1891195923089981		0		0.0
0.19010592997074127		0		0.0
0.17976462841033936		0		0.0
0.17320136725902557		0		0.0
0.17604891955852509		0		0.0
0.17456293106079102		0		0.0
0.17052634060382843		0		0.0
0.16825217008590698		0		0.0
0.1717117726802826		0		0.0
0.18413016200065613		0		0.0
0.18107658624649048		0		0.0
0.17483635246753693		0		0.0
0.17847061157226562		0		0.0
0.1736745983362198		0		0.0
0.16914589703083038		0		0.0
0.17245148122310638		0		0.0
0.17321960628032684		0		0.0
0.17579331994056702		0		0.0
0.18490289151668549		0		0.0
0.18107376992702484		0		0.0
0.18353138864040375		0		0.0
0.18142050504684448		0		0.0
0.18089307844638824		0		0.0
0.1912001073360443		0		0.0
0.1960369050502777		0		0.0
0.18517886102199554		0		0.0
0.17857901751995087		0		0.0
0.18548861145973206		0		0.0
0.18366625905036926		0		0.0
0.17862889170646667		0		0.0
0.17045941948890686		0		0.0
0.1690937578678131		0		0.0
0.18739047646522522		0		0.0
0.19541633129119873		0		0.0
0.17796343564987183		0		0.0
0.17323893308639526		0		0.0
0.17738965153694153		0		0.0
0.1812574863433838		0		0.0
0.1849086880683899		0		0.0
0.17731966078281403		0		0.0
0.1759619414806366		0		0.0
0.1850593239068985		0		0.0
0.1816905289888382		0		0.0
0.17401880025863647		0		0.0
0.1755646914243698		0		0.0
0.1773000806570053		0		0.0
0.1755753457546234		0		0.0
0.1757735162973404		0		0.0
0.1882173717021942		0		0.0
0.18523457646369934		0		0.0
0.18040573596954346		0		0.0
0.17337101697921753		0		0.0
0.1719815880060196		0		0.0
0.1707286387681961		0		0.0
0.17454321682453156		0		0.0
0.17121122777462006		0		0.0
0.167483389377594		0		0.0
0.1645391583442688		0		0.0
0.16543178260326385		0		0.0
0.1631067842245102		0		0.0
0.17377814650535583		0		0.0
0.18282906711101532		0		0.0
0.18130549788475037		0		0.0
0.1727517694234848		0		0.0
0.1818172186613083		0		0.0
0.1846565455198288		0		0.0
0.17990945279598236		0		0.0
0.17796605825424194		0		0.0
0.17601490020751953		0		0.0
0.19031624495983124		0		0.0
0.18715886771678925		0		0.0
0.18186797201633453		0		0.0
0.17692705988883972		0		0.0
0.17836759984493256		0		0.0
0.18394684791564941		0		0.0
0.18260324001312256		0		0.0
0.18292595446109772		0		0.0
0.18464460968971252		0		0.0
0.180470272898674		0		0.0
0.18097136914730072		0		0.0
0.17672590911388397		0		0.0
0.17820274829864502		0		0.0
0.17773108184337616		0		0.0
0.17091816663742065		0		0.0
0.17515966296195984		0		0.0
0.17792445421218872		0		0.0
0.17292116582393646		0		0.0
0.17707936465740204		0		0.0
0.18880204856395721		0		0.0
0.190607950091362		0		0.0
0.18632498383522034		0		0.0
0.18475008010864258		0		0.0
0.18737253546714783		0		0.0
0.19093091785907745		0		0.0
0.18878188729286194		0		0.0
0.18891450762748718		0		0.0
0.18346399068832397		0		0.0
0.17772531509399414		0		0.0
0.18330669403076172		0		0.0
0.17856965959072113		0		0.0
0.1733616143465042		0		0.0
0.174032524228096		0		0.0
0.17545072734355927		0		0.0
0.1737307757139206		0		0.0
0.1792580932378769		0		0.0
0.1710808426141739		0		0.0
0.1651969701051712		0		0.0
0.1679103821516037		0		0.0
0.16338351368904114		0		0.0
0.1621052771806717		0		0.0
0.16612280905246735		0		0.0
0.17931707203388214		0		0.0
0.1769218146800995		0		0.0
0.18036291003227234		0		0.0
0.179291769862175		0		0.0
0.18179582059383392		0		0.0
0.18482886254787445		0		0.0
0.18858689069747925		0		0.0
0.18617480993270874		0		0.0
0.18373842537403107		0		0.0
0.18280541896820068		0		0.0
0.1814127415418625		0		0.0
0.1782686710357666		0		0.0
0.18632028996944427		0		0.0
0.1860741376876831		0		0.0
0.18273022770881653		0		0.0
0.19438087940216064		0		0.0
0.18995401263237		0		0.0
0.19126799702644348		0		0.0
0.19595417380332947		0		0.0
0.1865450143814087		0		0.0
0.18849791586399078		0		0.0
0.17983239889144897		0		0.0
0.18588170409202576		0		0.0
0.181245818734169		0		0.0
0.18159951269626617		0		0.0
0.17831958830356598		0		0.0
0.1872469186782837		0		0.0
0.2099183201789856		0		0.0
0.19601571559906006		0		0.0
0.18104344606399536		0		0.0
0.17924924194812775		0		0.0
0.1779012233018875		0		0.0
0.18037422001361847		0		0.0
0.17557181417942047		0		0.0
0.1741783320903778		0		0.0
0.1787559986114502		0		0.0
0.17911897599697113		0		0.0
0.17597265541553497		0		0.0
0.17283716797828674		0		0.0
0.17557530105113983		0		0.0
0.18206191062927246		0		0.0
0.1824323534965515		0		0.0
0.171969473361969		0		0.0
0.16942670941352844		0		0.0
0.17552223801612854		0		0.0
0.17535251379013062		0		0.0
0.17164850234985352		0		0.0
0.16806554794311523		0		0.0
0.17044536769390106		0		0.0
0.18130089342594147		0		0.0
0.1791238784790039		0		0.0
0.1873357892036438		0		0.0
0.19138707220554352		0		0.0
0.17896121740341187		0		0.0
0.1821330040693283		0		0.0
0.1842546910047531		0		0.0
0.18981049954891205		0		0.0
0.191759392619133		0		0.0
0.19248804450035095		0		0.0
0.1887652575969696		0		0.0
0.19089001417160034		0		0.0
0.1847190409898758		0		0.0
0.18541571497917175		0		0.0
0.19078682363033295		0		0.0
0.18820853531360626		0		0.0
0.19302256405353546		0		0.0
0.19149357080459595		0		0.0
0.1887093186378479		0		0.0
0.18405084311962128		0		0.0
0.17868110537528992		0		0.0
0.17463992536067963		0		0.0
0.18045233190059662		0		0.0
0.1811542809009552		0		0.0
0.17987960577011108		0		0.0
0.1791246086359024		0		0.0
0.17620986700057983		0		0.0
0.17490337789058685		0		0.0
0.18334081768989563		0		0.0
0.1849094033241272		0		0.0
0.17754511535167694		0		0.0
0.17826756834983826		0		0.0
0.17879755795001984		0		0.0
0.17283175885677338		0		0.0
0.17810353636741638		0		0.0
0.17974789440631866		0		0.0
0.185416579246521		0		0.0
0.18965598940849304		0		0.0
0.18094474077224731		0		0.0
0.17580142617225647		0		0.0
0.17694012820720673		0		0.0
0.1846609115600586		0		0.0
0.17530366778373718		0		0.0
0.1742798238992691		0		0.0
0.17514243721961975		0		0.0
0.17663051187992096		0		0.0
0.17435814440250397		0		0.0
0.17743133008480072		0		0.0
0.18290019035339355		0		0.0
0.1883472204208374		0		0.0
0.1828811764717102		0		0.0
0.18411092460155487		0		0.0
0.18306474387645721		0		0.0
0.17819464206695557		0		0.0
0.18134881556034088		0		0.0
0.18417468667030334		0		0.0
0.1825714409351349		0		0.0
0.18055997788906097		0		0.0
0.2016236037015915		0		0.0
0.19961534440517426		0		0.0
0.18813981115818024		0		0.0
0.18161681294441223		0		0.0
0.18316134810447693		0		0.0
0.18017084896564484		0		0.0
0.17688946425914764		0		0.0
0.1851305365562439		0		0.0
0.18969547748565674		0		0.0
0.1860618144273758		0		0.0
0.1837485432624817		0		0.0
0.17670565843582153		0		0.0
0.17815959453582764		0		0.0
0.1790960431098938		0		0.0
0.17722409963607788		0		0.0
0.17566795647144318		0		0.0
0.17416596412658691		0		0.0
0.1767062097787857		0		0.0
0.17437279224395752		0		0.0
0.17522777616977692		0		0.0
0.17929868400096893		0		0.0
0.20201542973518372		0		0.0
0.18873614072799683		0		0.0
0.20144526660442352		0		0.0
0.1889752447605133		0		0.0
0.18997833132743835		0		0.0
0.19589954614639282		0		0.0
0.18712639808654785		0		0.0
0.175400510430336		0		0.0
0.17742303013801575		0		0.0
0.18534348905086517		0		0.0
0.17409400641918182		0		0.0
0.17045509815216064		0		0.0
0.16699478030204773		0		0.0
0.1676901876926422		0		0.0
0.17156575620174408		0		0.0
0.17809903621673584		0		0.0
0.1755446046590805		0		0.0
0.17223870754241943		0		0.0
0.17409226298332214		0		0.0
0.17299701273441315		0		0.0
0.18105153739452362		0		0.0
0.17809385061264038		0		0.0
0.18788914382457733		0		0.0
0.1906772255897522		0		0.0
0.18816834688186646		0		0.0
0.19828251004219055		0		0.0
0.19211770594120026		0		0.0
0.19298580288887024		0		0.0
0.19483348727226257		0		0.0
0.19871561229228973		0		0.0
0.1970699578523636		0		0.0
0.18870212137699127		0		0.0
0.18272680044174194		0		0.0
0.18599635362625122		0		0.0
0.18062879145145416		0		0.0
0.17783427238464355		0		0.0
0.17894496023654938		0		0.0
0.17634418606758118		0		0.0
0.17325401306152344		0		0.0
0.1733078509569168		0		0.0
0.17603899538516998		0		0.0
0.17990800738334656		0		0.0
0.1785445511341095		0		0.0
0.18582524359226227		0		0.0
0.18923254311084747		0		0.0
0.17739494144916534		0		0.0
0.18753594160079956		0		0.0
0.18065735697746277		0		0.0
0.17880582809448242		0		0.0
0.2059396505355835		0		0.0
0.2090979814529419		0		0.0
0.1941772848367691		0		0.0
0.1857033520936966		0		0.0
0.17840497195720673		0		0.0
0.1735818237066269		0		0.0
0.17976857721805573		0		0.0
0.17686443030834198		0		0.0
0.1764979213476181		0		0.0
0.17857979238033295		0		0.0
0.17163768410682678		0		0.0
0.17245902121067047		0		0.0
0.17112834751605988		0		0.0
0.16783882677555084		0		0.0
0.16646748781204224		0		0.0
0.17715328931808472		0		0.0
0.18195994198322296		0		0.0
0.18111464381217957		0		0.0
0.1808023601770401		0		0.0
0.17949128150939941		0		0.0
0.1766405552625656		0		0.0
0.185454323887825		0		0.0
0.2088773548603058		0		0.0
0.19837062060832977		0		0.0
0.2036561518907547		0		0.0
0.19392827153205872		0		0.0
0.19007863104343414		0		0.0
0.19327601790428162		0		0.0
0.1884174346923828		0		0.0
0.18119487166404724		0		0.0
0.1791875809431076		0		0.0
0.17814460396766663		0		0.0
0.17856186628341675		0		0.0
0.17949822545051575		0		0.0
0.1902903914451599		0		0.0
0.18577586114406586		0		0.0
0.177651047706604		0		0.0
0.18413883447647095		0		0.0
0.18219724297523499		0		0.0
0.18180127441883087		0		0.0
0.17573675513267517		0		0.0
0.18060868978500366		0		0.0
0.1886475831270218		0		0.0
0.188263937830925		0		0.0
0.18102768063545227		0		0.0
0.1853090226650238		0		0.0
0.1819140762090683		0		0.0
0.1905389130115509		0		0.0
0.19047385454177856		0		0.0
0.1864577680826187		0		0.0
0.18711966276168823		0		0.0
0.18398252129554749		0		0.0
0.19405744969844818		0		0.0
0.18541038036346436		0		0.0
0.1900872439146042		0		0.0
0.17810635268688202		0		0.0
0.1786142736673355		0		0.0
0.18148958683013916		0		0.0
0.18982459604740143		0		0.0
0.18558131158351898		0		0.0
0.1762046366930008		0		0.0
0.17475102841854095		0		0.0
0.1776953786611557		0		0.0
0.18171453475952148		0		0.0
0.18949300050735474		0		0.0
0.18148615956306458		0		0.0
0.1872900426387787		0		0.0
0.19542716443538666		0		0.0
0.19256173074245453		0		0.0
0.18887710571289062		0		0.0
0.18174678087234497		0		0.0
0.18361911177635193		0		0.0
0.20654451847076416		0		0.0
0.2017558068037033		0		0.0
0.18427883088588715		0		0.0
0.18009021878242493		0		0.0
0.17915864288806915		0		0.0
0.18870694935321808		0		0.0
0.18361353874206543		0		0.0
0.18081465363502502		0		0.0
0.19288738071918488		0		0.0
0.19028514623641968		0		0.0
0.18253378570079803		0		0.0
0.18184374272823334		0		0.0
0.18086349964141846		0		0.0
0.17722967267036438		0		0.0
0.17933958768844604		0		0.0
0.1748170554637909		0		0.0
0.1768033802509308		0		0.0
0.1811450719833374		0		0.0
0.180252805352211		0		0.0
0.18328234553337097		0		0.0
0.18571902811527252		0		0.0
0.18891969323158264		0		0.0
0.191874161362648		0		0.0
0.1840938776731491		0		0.0
0.18434926867485046		0		0.0
0.17951038479804993		0		0.0
0.18496794998645782		0		0.0
0.18141710758209229		0		0.0
0.17927153408527374		0		0.0
0.17983046174049377		0		0.0
0.1826719343662262		0		0.0
0.17785944044589996		0		0.0
0.18639644980430603		0		0.0
0.1846107542514801		0		0.0
0.1835155487060547		0		0.0
0.17489977180957794		0		0.0
0.1707831621170044		0		0.0
0.1713516116142273		0		0.0
0.1801624447107315		0		0.0
0.1815653145313263		0		0.0
0.1804366409778595		0		0.0
0.18845607340335846		0		0.0
0.2002325803041458		0		0.0
0.19138643145561218		0		0.0
0.18881520628929138		0		0.0
0.18612346053123474		0		0.0
0.18398049473762512		0		0.0
0.1875007450580597		0		0.0
0.19486960768699646		0		0.0
0.19606389105319977		0		0.0
0.20480291545391083		0		0.0
0.1979607343673706		0		0.0
0.19920335710048676		0		0.0
0.2046136111021042		0		0.0
0.18832646310329437		0		0.0
0.1863214075565338		0		0.0
0.18273547291755676		0		0.0
0.18183168768882751		0		0.0
0.18972018361091614		0		0.0
0.18715548515319824		0		0.0
0.1934209018945694		0		0.0
0.1999434381723404		0		0.0
0.20022279024124146		0		0.0
0.18830078840255737		0		0.0
0.18430909514427185		0		0.0
0.18362511694431305		0		0.0
0.17913755774497986		0		0.0
0.18436847627162933		0		0.0
0.18079571425914764		0		0.0
0.1880015879869461		0		0.0
0.19022351503372192		0		0.0
0.18406078219413757		0		0.0
0.18858444690704346		0		0.0
0.1806991994380951		0		0.0
0.18865686655044556		0		0.0
0.19251661002635956		0		0.0
0.18647806346416473		0		0.0
0.18572084605693817		0		0.0
0.18202359974384308		0		0.0
0.17559748888015747		0		0.0
0.17652776837348938		0		0.0
0.17879560589790344		0		0.0
0.17292606830596924		0		0.0
0.1706412434577942		0		0.0
0.1693405956029892		0		0.0
0.168732151389122		0		0.0
0.1759171336889267		0		0.0
0.17973801493644714		0		0.0
0.17882952094078064		0		0.0
0.18412916362285614		0		0.0
0.1828487515449524		0		0.0
0.18653401732444763		0		0.0
0.1901220977306366		0		0.0
0.18385766446590424		0		0.0
0.18492285907268524		0		0.0
0.18487615883350372		0		0.0
0.20263493061065674		0		0.0
0.20822855830192566		0		0.0
0.2011009156703949		0		0.0
0.19455015659332275		0		0.0
0.24850346148014069		0		1.0
0.3919687867164612		0		1.0
0.49785086512565613		0		1.0
0.5792259573936462		1		1.0
0.6117627620697021		1		1.0
0.6534468531608582		1		1.0
0.7390698194503784		1		1.0
0.7877518534660339		1		1.0
0.8139159083366394		1		1.0
0.8270994424819946		1		1.0
0.8585726618766785		1		1.0
0.8794028759002686		1		1.0
0.8890511989593506		1		1.0
0.8929458260536194		1		1.0
0.9012713432312012		1		1.0
0.9063354134559631		1		1.0
0.9100406169891357		1		1.0
0.908545196056366		1		1.0
0.9105024933815002		1		1.0
0.9125516414642334		1		1.0
0.9180516600608826		1		1.0
0.9148094654083252		1		1.0
0.9149046540260315		1		1.0
0.925015926361084		1		1.0
0.9299849271774292		1		1.0
0.8287439942359924		1		0.0
